Length (um) 	 Width (um) 	 Drain Current (A/um) 	 Transconductance_Max(S/um) 	 Mobility (cm2/V-s) 	 Threshold (V) 	 OnOff 	 R_total (ohm-um) 	 Gate Leakage (A)
2 	 80 	 0.000000000000000 	 0.000000000000000 	 0.000000000000000 	 0.000 	     0.0000 	 0.0000000000 	 0.000000000000000
5 	 80 	 0.000000000000000 	 0.000000000000000 	 0.000000000000000 	 0.000 	     0.0000 	 0.0000000000 	 0.000000000000000
8 	 80 	 0.000000000000007 	 0.000000000000361 	 0.000075316830443 	 -0.625 	 85310.0000 	 133333333333333.3437500000 	 0.000000850700000
10 	 80 	 0.000000000000000 	 0.000000000000000 	 0.000000000000000 	 0.000 	     0.0000 	 0.0000000000 	 0.000000000000000
15 	 80 	 0.000000000000000 	 0.000000000000000 	 0.000000000000000 	 0.000 	     0.0000 	 0.0000000000 	 0.000000000000000
25 	 80 	 0.000000000000000 	 0.000000000000000 	 0.000000000000000 	 0.000 	     0.0000 	 0.0000000000 	 0.000000000000000
50 	 80 	 0.000000000000000 	 0.000000000000000 	 0.000000000000000 	 0.000 	     0.0000 	 0.0000000000 	 0.000000000000000
75 	 80 	 0.000000000000000 	 0.000000000000000 	 0.000000000000000 	 0.000 	     0.0000 	 0.0000000000 	 0.000000000000000
100 	 80 	 0.000000000000000 	 0.000000000000000 	 0.000000000000000 	 0.000 	     0.0000 	 0.0000000000 	 0.000000000000000
2 	 20 	 0.000000033550000 	 0.000000006588713 	 0.343447036084450 	 11.636 	 11792.6186 	 29806259.3144560382 	 0.000000000502600
5 	 20 	 0.000000026455000 	 0.000000005343654 	 0.696365907608322 	 13.763 	 14071.8085 	 37800037.8000377938 	 0.000000000542700
8 	 20 	 0.000000026640000 	 0.000000005943127 	 1.239179340993251 	 8.523 	 15670.5882 	 37537537.5375375375 	 0.000000000514100
10 	 20 	 0.000000016355000 	 0.000000004134827 	 1.077671669633425 	 10.139 	 18376.4045 	 61143381.2289819568 	 0.000000000532300
15 	 20 	 0.000000013905000 	 0.000000002833663 	 1.107818432882465 	 10.899 	  9932.1429 	 71916576.7709456980 	 0.000000000553400
25 	 20 	 0.000000000000000 	 0.000000000000000 	 0.000000000000000 	 0.000 	     0.0000 	 0.0000000000 	 0.000000000000000
50 	 20 	 0.000000004399500 	 0.000000000864734 	 1.126890874937979 	 13.738 	  3744.2553 	 227298556.6541652679 	 0.000000000511400
75 	 20 	 0.000000003675000 	 0.000000000755929 	 1.477649252275518 	 12.869 	  2282.6087 	 272108843.5374149680 	 0.000000000625300
100 	 20 	 0.000000003063500 	 0.000000000586737 	 1.529229262485668 	 12.499 	  1520.3474 	 326424024.8082258701 	 0.000000000568100
2 	 5 	 0.000000033140000 	 0.000000003932836 	 0.205005269957321 	 32.375 	     1.2668 	 30175015.0875075459 	 0.000000002273000
5 	 5 	 0.000000017326000 	 0.000000001011594 	 0.131827345928498 	 26.791 	   445.8569 	 57716726.3072838485 	 0.000000000574500
8 	 5 	 0.000000000000000 	 0.000000000000000 	 0.000000000000000 	 0.000 	     0.0000 	 0.0000000000 	 0.000000000000000
10 	 5 	 0.000000009598000 	 0.000000001942029 	 0.506156571759852 	 10.051 	 159966.6667 	 104188372.5776203275 	 0.000000000520400
15 	 5 	 0.000000000000000 	 0.000000000000000 	 0.000000000000000 	 0.000 	     0.0000 	 0.0000000000 	 0.000000000000000
25 	 5 	 0.000000004474000 	 0.000000000682916 	 0.444975954933610 	 16.778 	   972.6087 	 223513634.3316942155 	 0.000000000500000
50 	 5 	 0.000000003598000 	 0.000000000682740 	 0.889722983330921 	 12.062 	   633.4507 	 277932184.5469705462 	 0.000000000543700
75 	 5 	 0.000000000779800 	 0.000000000106570 	 0.208317424869820 	 21.006 	   206.2963 	 1282380097.4608874321 	 0.000000000549900
100 	 5 	 0.000000000801800 	 0.000000000150162 	 0.391372806458907 	 12.499 	   223.9665 	 1247193813.9186830521 	 0.000000000619700
2 	 80 	 0.000000024012500 	 0.000000004520202 	 0.235622637487034 	 16.633 	 13239.1454 	 41644976.5747006834 	 0.000000000511900
5 	 80 	 0.000000051425000 	 0.000000004989515 	 0.650215748681043 	 30.491 	 32938.3507 	 19445794.8468643650 	 0.000000000468600
8 	 80 	 0.000000017375000 	 0.000000003521080 	 0.734167401914905 	 19.764 	 20321.6374 	 57553956.8345323801 	 0.000000000465600
10 	 80 	 0.000000031037500 	 0.000000003201032 	 0.834294145729223 	 34.459 	 18910.8911 	 32219089.8107128441 	 0.000000000664800
15 	 80 	 0.000000000000000 	 0.000000000000000 	 0.000000000000000 	 0.000 	     0.0000 	 0.0000000000 	 0.000000000000000
25 	 80 	 0.000000000000000 	 0.000000000000000 	 0.000000000000000 	 0.000 	     0.0000 	 0.0000000000 	 0.000000000000000
50 	 80 	 0.000000001211000 	 0.000000000301246 	 0.392573239983632 	 6.483 	  8210.1695 	 825763831.5441782475 	 0.000000000406100
75 	 80 	 0.000000000000000 	 0.000000000000000 	 0.000000000000000 	 0.000 	     0.0000 	 0.0000000000 	 0.000000000000000
100 	 80 	 0.000000000000000 	 0.000000000000000 	 0.000000000000000 	 0.000 	     0.0000 	 0.0000000000 	 0.000000000000000
2 	 20 	 0.000000001890000 	 0.000000000120309 	 0.006271282213370 	 -14.092 	    63.6149 	 529100529.1005290747 	 0.000000089570000
5 	 20 	 0.000000000000000 	 0.000000000000000 	 0.000000000000000 	 0.000 	     0.0000 	 0.0000000000 	 0.000000000000000
8 	 20 	 0.000000000000000 	 0.000000000000000 	 0.000000000000000 	 0.000 	     0.0000 	 0.0000000000 	 0.000000000000000
10 	 20 	 0.000000000000000 	 0.000000000000000 	 0.000000000000000 	 0.000 	     0.0000 	 0.0000000000 	 0.000000000000000
15 	 20 	 0.000000000000000 	 0.000000000000000 	 0.000000000000000 	 0.000 	     0.0000 	 0.0000000000 	 0.000000000000000
25 	 20 	 0.000000000000000 	 0.000000000000000 	 0.000000000000000 	 0.000 	     0.0000 	 0.0000000000 	 0.000000000000000
50 	 20 	 0.000000000000000 	 0.000000000000000 	 0.000000000000000 	 0.000 	     0.0000 	 0.0000000000 	 0.000000000000000
75 	 20 	 0.000000000000000 	 0.000000000000000 	 0.000000000000000 	 0.000 	     0.0000 	 0.0000000000 	 0.000000000000000
100 	 20 	 0.000000000000000 	 0.000000000000000 	 0.000000000000000 	 0.000 	     0.0000 	 0.0000000000 	 0.000000000000000
2 	 5 	 0.000000000000000 	 0.000000000000000 	 0.000000000000000 	 0.000 	     0.0000 	 0.0000000000 	 0.000000000000000
5 	 5 	 0.000000000000000 	 0.000000000000000 	 0.000000000000000 	 0.000 	     0.0000 	 0.0000000000 	 0.000000000000000
8 	 5 	 0.000000000000000 	 0.000000000000000 	 0.000000000000000 	 0.000 	     0.0000 	 0.0000000000 	 0.000000000000000
10 	 5 	 0.000000000000000 	 0.000000000000000 	 0.000000000000000 	 0.000 	     0.0000 	 0.0000000000 	 0.000000000000000
15 	 5 	 0.000000000000000 	 0.000000000000000 	 0.000000000000000 	 0.000 	     0.0000 	 0.0000000000 	 0.000000000000000
25 	 5 	 0.000000000000000 	 0.000000000000000 	 0.000000000000000 	 0.000 	     0.0000 	 0.0000000000 	 0.000000000000000
50 	 5 	 0.000000000000000 	 0.000000000000000 	 0.000000000000000 	 0.000 	     0.0000 	 0.0000000000 	 0.000000000000000
75 	 5 	 0.000000000000000 	 0.000000000000000 	 0.000000000000000 	 0.000 	     0.0000 	 0.0000000000 	 0.000000000000000
100 	 5 	 0.000000000000000 	 0.000000000000000 	 0.000000000000000 	 0.000 	     0.0000 	 0.0000000000 	 0.000000000000000
2 	 80 	 0.000000503125000 	 0.000000049123362 	 2.560632504019998 	 49.687 	 182374.2637 	 1987577.6397515528 	 0.000000104000000
5 	 80 	 0.000000000000000 	 0.000000000000000 	 0.000000000000000 	 0.000 	     0.0000 	 0.0000000000 	 0.000000000000000
8 	 80 	 0.000000000000000 	 0.000000000000000 	 0.000000000000000 	 0.000 	     0.0000 	 0.0000000000 	 0.000000000000000
10 	 80 	 0.000000001073375 	 0.000000000172431 	 0.044941140657443 	 15.846 	  4449.2228 	 931640852.4513800144 	 0.000000000456800
15 	 80 	 0.000000000000000 	 0.000000000000000 	 0.000000000000000 	 0.000 	     0.0000 	 0.0000000000 	 0.000000000000000
25 	 80 	 0.000000001878750 	 0.000000000436430 	 0.284369681810467 	 12.528 	  4817.3077 	 532268795.7418496609 	 0.000000000502600
50 	 80 	 0.000000000115375 	 0.000000000022143 	 0.028855474505221 	 8.126 	  2637.1429 	 8667388949.0790901184 	 0.000000000372800
75 	 80 	 0.000000000000000 	 0.000000000000000 	 0.000000000000000 	 0.000 	     0.0000 	 0.0000000000 	 0.000000000000000
100 	 80 	 0.000000000082325 	 0.000000000010307 	 0.026862382848556 	 22.535 	    41.4214 	 12146978439.1132717133 	 0.000000000423800
2 	 20 	 0.000000000000000 	 0.000000000000000 	 0.000000000000000 	 0.000 	     0.0000 	 0.0000000000 	 0.000000000000000
5 	 20 	 0.000000000000000 	 0.000000000000000 	 0.000000000000000 	 0.000 	     0.0000 	 0.0000000000 	 0.000000000000000
8 	 20 	 0.000000013390000 	 0.000000003072134 	 0.640559341221729 	 12.015 	 892666.6667 	 74682598.9544436187 	 0.000000000546400
10 	 20 	 0.000000015335000 	 0.000000003429622 	 0.893872276801362 	 10.636 	 30979.7980 	 65210303.2279100120 	 0.000000000515400
15 	 20 	 0.000000014830000 	 0.000000003053799 	 1.193880502622840 	 14.938 	  7703.8961 	 67430883.3445718139 	 0.000000000490900
25 	 20 	 0.000000012450000 	 0.000000000946201 	 0.616527778073610 	 31.379 	  1801.7366 	 80321285.1405622363 	 0.000000000790700
50 	 20 	 0.000000034455000 	 0.000000002207196 	 2.876339595994799 	 38.046 	  3992.4681 	 29023363.8078653291 	 0.000000001684000
75 	 20 	 0.000000002878000 	 0.000000000696640 	 1.361755193273517 	 2.423 	   892.4031 	 347463516.3307852149 	 0.000000000502800
100 	 20 	 0.000000005975000 	 0.000000000729029 	 1.900090251292073 	 11.638 	  1589.0957 	 167364016.7364016771 	 0.000000000391400
2 	 5 	 0.000000063700000 	 0.000000012898551 	 0.672357237113834 	 1.709 	 37916.6667 	 15698587.1271585561 	 0.000000000472400
5 	 5 	 0.000000000000000 	 0.000000000000000 	 0.000000000000000 	 0.000 	     0.0000 	 0.0000000000 	 0.000000000000000
8 	 5 	 0.000000000000000 	 0.000000000000000 	 0.000000000000000 	 0.000 	     0.0000 	 0.0000000000 	 0.000000000000000
10 	 5 	 0.000000000000000 	 0.000000000000000 	 0.000000000000000 	 0.000 	     0.0000 	 0.0000000000 	 0.000000000000000
15 	 5 	 0.000000000000000 	 0.000000000000000 	 0.000000000000000 	 0.000 	     0.0000 	 0.0000000000 	 0.000000000000000
25 	 5 	 0.000000000000000 	 0.000000000000000 	 0.000000000000000 	 0.000 	     0.0000 	 0.0000000000 	 0.000000000000000
50 	 5 	 0.000000000000000 	 0.000000000000000 	 0.000000000000000 	 0.000 	     0.0000 	 0.0000000000 	 0.000000000000000
75 	 5 	 0.000000000000000 	 0.000000000000000 	 0.000000000000000 	 0.000 	     0.0000 	 0.0000000000 	 0.000000000000000
100 	 5 	 0.000000000000000 	 0.000000000000000 	 0.000000000000000 	 0.000 	     0.0000 	 0.0000000000 	 0.000000000000000
2 	 80 	 0.000000000000000 	 0.000000000000000 	 0.000000000000000 	 0.000 	     0.0000 	 0.0000000000 	 0.000000000000000
5 	 80 	 0.000000113475000 	 0.000000007065217 	 0.920713913182571 	 27.483 	  2764.3118 	 8812513.7695527654 	 0.000000893900000
8 	 80 	 0.000000000000000 	 0.000000000000000 	 0.000000000000000 	 0.000 	     0.0000 	 0.0000000000 	 0.000000000000000
10 	 80 	 0.000000000000000 	 0.000000000000000 	 0.000000000000000 	 0.000 	     0.0000 	 0.0000000000 	 0.000000000000000
15 	 80 	 0.000000000000000 	 0.000000000000000 	 0.000000000000000 	 0.000 	     0.0000 	 0.0000000000 	 0.000000000000000
25 	 80 	 0.000000000000000 	 0.000000000000000 	 0.000000000000000 	 0.000 	     0.0000 	 0.0000000000 	 0.000000000000000
50 	 80 	 0.000000000000000 	 0.000000000000000 	 0.000000000000000 	 0.000 	     0.0000 	 0.0000000000 	 0.000000000000000
75 	 80 	 0.000000000000000 	 0.000000000000000 	 0.000000000000000 	 0.000 	     0.0000 	 0.0000000000 	 0.000000000000000
100 	 80 	 0.000000000000000 	 0.000000000000000 	 0.000000000000000 	 0.000 	     0.0000 	 0.0000000000 	 0.000000000000000
2 	 20 	 0.000000000000000 	 0.000000000000000 	 0.000000000000000 	 0.000 	     0.0000 	 0.0000000000 	 0.000000000000000
5 	 20 	 0.000000042455000 	 0.000000008213658 	 1.070374636288855 	 2.418 	 43768.0412 	 23554351.6664703786 	 0.000000001544000
8 	 20 	 0.000000120250000 	 0.000000006062802 	 1.264132333449978 	 28.482 	 11154.9165 	 8316008.3160083173 	 0.000000000704800
10 	 20 	 0.000000000000000 	 0.000000000000000 	 0.000000000000000 	 0.000 	     0.0000 	 0.0000000000 	 0.000000000000000
15 	 20 	 0.000000014215000 	 0.000000002907334 	 1.136620252730739 	 10.765 	  5022.9682 	 70348223.7073513865 	 0.000000000561600
25 	 20 	 0.000000007545000 	 0.000000002059728 	 1.342081819060214 	 -2.115 	  1070.9723 	 132538104.7051027119 	 0.000000000468500
50 	 20 	 0.000000000000000 	 0.000000000000000 	 0.000000000000000 	 0.000 	     0.0000 	 0.0000000000 	 0.000000000000000
75 	 20 	 0.000000000000000 	 0.000000000000000 	 0.000000000000000 	 0.000 	     0.0000 	 0.0000000000 	 0.000000000000000
100 	 20 	 0.000000000000000 	 0.000000000000000 	 0.000000000000000 	 0.000 	     0.0000 	 0.0000000000 	 0.000000000000000
2 	 5 	 0.000000000000000 	 0.000000000000000 	 0.000000000000000 	 0.000 	     0.0000 	 0.0000000000 	 0.000000000000000
5 	 5 	 0.000000000000000 	 0.000000000000000 	 0.000000000000000 	 0.000 	     0.0000 	 0.0000000000 	 0.000000000000000
8 	 5 	 0.000000000000000 	 0.000000000000000 	 0.000000000000000 	 0.000 	     0.0000 	 0.0000000000 	 0.000000000000000
10 	 5 	 0.000000000000000 	 0.000000000000000 	 0.000000000000000 	 0.000 	     0.0000 	 0.0000000000 	 0.000000000000000
15 	 5 	 0.000000000000000 	 0.000000000000000 	 0.000000000000000 	 0.000 	     0.0000 	 0.0000000000 	 0.000000000000000
25 	 5 	 0.000000000000000 	 0.000000000000000 	 0.000000000000000 	 0.000 	     0.0000 	 0.0000000000 	 0.000000000000000
50 	 5 	 0.000000022186000 	 0.000000001868465 	 2.434917010141813 	 51.551 	   615.2524 	 45073469.7557017952 	 0.000000208800000
75 	 5 	 0.000000006196000 	 0.000000000477888 	 0.934150756230710 	 33.714 	    33.2760 	 161394448.0309877396 	 0.000000000716700
100 	 5 	 0.000000002078000 	 0.000000000272409 	 0.709988181150868 	 25.272 	    64.2151 	 481231953.8017324209 	 0.000000000552700
2 	 80 	 0.000000000000000 	 0.000000000000000 	 0.000000000000000 	 0.000 	     0.0000 	 0.0000000000 	 0.000000000000000
5 	 80 	 0.000000000000000 	 0.000000000000000 	 0.000000000000000 	 0.000 	     0.0000 	 0.0000000000 	 0.000000000000000
8 	 80 	 0.000000000000000 	 0.000000000000000 	 0.000000000000000 	 0.000 	     0.0000 	 0.0000000000 	 0.000000000000000
10 	 80 	 0.000000000000000 	 0.000000000000000 	 0.000000000000000 	 0.000 	     0.0000 	 0.0000000000 	 0.000000000000000
15 	 80 	 0.000000000000000 	 0.000000000000000 	 0.000000000000000 	 0.000 	     0.0000 	 0.0000000000 	 0.000000000000000
25 	 80 	 0.000000004445000 	 0.000000000482845 	 0.314613023442007 	 8.018 	  1520.9581 	 224971878.5151855946 	 0.000000236500000
50 	 80 	 0.000000000000000 	 0.000000000000000 	 0.000000000000000 	 0.000 	     0.0000 	 0.0000000000 	 0.000000000000000
75 	 80 	 0.000000000000000 	 0.000000000000000 	 0.000000000000000 	 0.000 	     0.0000 	 0.0000000000 	 0.000000000000000
100 	 80 	 0.000000000000000 	 0.000000000000000 	 0.000000000000000 	 0.000 	     0.0000 	 0.0000000000 	 0.000000000000000
2 	 20 	 0.000000016055000 	 0.000000001182859 	 0.061658386507500 	 -13.314 	  7870.0980 	 62285892.2454064190 	 0.000000345900000
5 	 20 	 0.000000000000045 	 0.000000000000187 	 0.000024323444482 	 -28.411 	   250.0000 	 22222222222222.2226562500 	 -0.000001000100000
8 	 20 	 0.000000000000000 	 0.000000000000000 	 0.000000000000000 	 0.000 	     0.0000 	 0.0000000000 	 0.000000000000000
10 	 20 	 -0.000000000005660 	 0.000000000000754 	 0.000196447583963 	 5.030 	 82712.5000 	 -176678445229.6820068359 	 0.000000999900000
15 	 20 	 0.000000000000000 	 0.000000000000000 	 0.000000000000000 	 0.000 	     0.0000 	 0.0000000000 	 0.000000000000000
25 	 20 	 0.000000000013820 	 0.000000000000045 	 0.000029617370634 	 -28.400 	  4857.0000 	 72358900144.7178039551 	 -0.000000000174700
50 	 20 	 0.000000000000000 	 0.000000000000000 	 0.000000000000000 	 0.000 	     0.0000 	 0.0000000000 	 0.000000000000000
75 	 20 	 0.000000000000000 	 0.000000000000000 	 0.000000000000000 	 0.000 	     0.0000 	 0.0000000000 	 0.000000000000000
100 	 20 	 0.000000000000000 	 0.000000000000000 	 0.000000000000000 	 0.000 	     0.0000 	 0.0000000000 	 0.000000000000000
2 	 5 	 0.000000116040000 	 0.000000012498902 	 0.651524922310510 	 27.865 	  4863.3697 	 8617718.0282661151 	 0.000000001032000
5 	 5 	 0.000000035200000 	 0.000000005843654 	 0.761524123002781 	 10.377 	 12222.2222 	 28409090.9090909138 	 0.000000000552700
8 	 5 	 0.000000064120000 	 0.000000003686491 	 0.768656649738365 	 40.148 	  2045.9477 	 15595757.9538365565 	 0.000000008460000
10 	 5 	 0.000000007688000 	 0.000000001520026 	 0.396168817394397 	 18.268 	   507.7939 	 130072840.7908428907 	 0.000000000505000
15 	 5 	 0.000000000000000 	 0.000000000000000 	 0.000000000000000 	 0.000 	     0.0000 	 0.0000000000 	 0.000000000000000
25 	 5 	 0.000000000000000 	 0.000000000000000 	 0.000000000000000 	 0.000 	     0.0000 	 0.0000000000 	 0.000000000000000
50 	 5 	 0.000000000000000 	 0.000000000000000 	 0.000000000000000 	 0.000 	     0.0000 	 0.0000000000 	 0.000000000000000
75 	 5 	 0.000000000000000 	 0.000000000000000 	 0.000000000000000 	 0.000 	     0.0000 	 0.0000000000 	 0.000000000000000
100 	 5 	 0.000000000000000 	 0.000000000000000 	 0.000000000000000 	 0.000 	     0.0000 	 0.0000000000 	 0.000000000000000
2 	 80 	 0.000000000000000 	 0.000000000000000 	 0.000000000000000 	 0.000 	     0.0000 	 0.0000000000 	 0.000000000000000
5 	 80 	 0.000000138737500 	 0.000000004355237 	 0.567558961168134 	 36.185 	 48658.4831 	 7207856.5636543836 	 0.000000000815300
8 	 80 	 0.000000009590000 	 0.000000001843434 	 0.384367654448120 	 12.778 	 11200.0000 	 104275286.7570385635 	 0.000000000564800
10 	 80 	 0.000000024150000 	 0.000000003198754 	 0.833700367525695 	 49.112 	  9452.0548 	 41407867.4948240221 	 0.000000055680000
15 	 80 	 0.000000000000000 	 0.000000000000000 	 0.000000000000000 	 0.000 	     0.0000 	 0.0000000000 	 0.000000000000000
25 	 80 	 0.000000003606250 	 0.000000000437835 	 0.285285387955667 	 21.611 	  3957.4760 	 277296360.4852685928 	 0.000000000401900
50 	 80 	 0.000000000000000 	 0.000000000000000 	 0.000000000000000 	 0.000 	     0.0000 	 0.0000000000 	 0.000000000000000
75 	 80 	 0.000000001707500 	 0.000000000361139 	 0.705934321430246 	 14.733 	  2272.8785 	 585651537.3352855444 	 0.000000000493800
100 	 80 	 0.000000000164250 	 0.000000000036399 	 0.094868587433675 	 8.569 	 26280.0000 	 6088280060.8828010559 	 0.000000000437400
2 	 20 	 0.000000000000000 	 0.000000000000000 	 0.000000000000000 	 0.000 	     0.0000 	 0.0000000000 	 0.000000000000000
5 	 20 	 0.000000014930000 	 0.000000002833992 	 0.369315734686377 	 28.702 	  2471.8543 	 66979236.4367046207 	 0.000000000776300
8 	 20 	 0.000000000000000 	 0.000000000000000 	 0.000000000000000 	 0.000 	     0.0000 	 0.0000000000 	 0.000000000000000
10 	 20 	 0.000000000043590 	 0.000000000000336 	 0.000087449936867 	 4.320 	     1.2854 	 22941041523.2851562500 	 0.000001000000000
15 	 20 	 0.000000000000000 	 0.000000000000000 	 0.000000000000000 	 0.000 	     0.0000 	 0.0000000000 	 0.000000000000000
25 	 20 	 -0.000000000000115 	 0.000000000066030 	 0.043023880915928 	 12.205 	 594700.0000 	 -8695652173913.0449218750 	 0.000001000100000
50 	 20 	 0.000000000000000 	 0.000000000000000 	 0.000000000000000 	 0.000 	     0.0000 	 0.0000000000 	 0.000000000000000
75 	 20 	 0.000000000000000 	 0.000000000000000 	 0.000000000000000 	 0.000 	     0.0000 	 0.0000000000 	 0.000000000000000
100 	 20 	 0.000000000000000 	 0.000000000000000 	 0.000000000000000 	 0.000 	     0.0000 	 0.0000000000 	 0.000000000000000
2 	 5 	 0.000000007592000 	 0.000000000793981 	 0.041387491141800 	 -9.817 	  4745.0000 	 131717597.4710221440 	 0.000000131400000
5 	 5 	 0.000000000000000 	 0.000000000000000 	 0.000000000000000 	 0.000 	     0.0000 	 0.0000000000 	 0.000000000000000
8 	 5 	 0.000000000000000 	 0.000000000000000 	 0.000000000000000 	 0.000 	     0.0000 	 0.0000000000 	 0.000000000000000
10 	 5 	 0.000000000000000 	 0.000000000000000 	 0.000000000000000 	 0.000 	     0.0000 	 0.0000000000 	 0.000000000000000
15 	 5 	 0.000000000000000 	 0.000000000000000 	 0.000000000000000 	 0.000 	     0.0000 	 0.0000000000 	 0.000000000000000
25 	 5 	 0.000000000000000 	 0.000000000000000 	 0.000000000000000 	 0.000 	     0.0000 	 0.0000000000 	 0.000000000000000
50 	 5 	 0.000000000000000 	 0.000000000000000 	 0.000000000000000 	 0.000 	     0.0000 	 0.0000000000 	 0.000000000000000
75 	 5 	 0.000000000000000 	 0.000000000000000 	 0.000000000000000 	 0.000 	     0.0000 	 0.0000000000 	 0.000000000000000
100 	 5 	 0.000000000000000 	 0.000000000000000 	 0.000000000000000 	 0.000 	     0.0000 	 0.0000000000 	 0.000000000000000
2 	 80 	 0.000000059450000 	 0.000000012414910 	 0.647146702303768 	 -0.873 	 30177.6650 	 16820857.8637510501 	 0.000000000476900
5 	 80 	 0.000000036487500 	 0.000000008585859 	 1.118878446167477 	 6.046 	 57916.6667 	 27406646.1116820872 	 0.000000000447000
8 	 80 	 0.000000216625000 	 0.000000011111111 	 2.316736547358544 	 50.366 	 54428.3920 	 4616272.3600692451 	 0.000000058180000
10 	 80 	 0.000000034150000 	 0.000000005511638 	 1.436514015284069 	 16.025 	 37119.5652 	 29282576.8667642772 	 0.000000000488600
15 	 80 	 0.000000000000000 	 0.000000000000000 	 0.000000000000000 	 0.000 	     0.0000 	 0.0000000000 	 0.000000000000000
25 	 80 	 0.000000000000000 	 0.000000000000000 	 0.000000000000000 	 0.000 	     0.0000 	 0.0000000000 	 0.000000000000000
50 	 80 	 0.000000002002500 	 0.000000000302207 	 0.393825181979023 	 16.628 	  4767.8571 	 499375780.2746567130 	 0.000000000519800
75 	 80 	 0.000000012730000 	 0.000000001297217 	 2.535729818169624 	 38.706 	  4542.3729 	 78554595.4438334554 	 0.000000001052000
100 	 80 	 0.000000000000000 	 0.000000000000000 	 0.000000000000000 	 0.000 	     0.0000 	 0.0000000000 	 0.000000000000000
2 	 20 	 0.000000086150000 	 0.000000018445323 	 0.961491452461051 	 1.488 	 45582.0106 	 11607661.0562971570 	 0.000000000456000
5 	 20 	 0.000000037690000 	 0.000000009600351 	 1.251083520880868 	 4.765 	 88682.3529 	 26532236.6675510779 	 0.000000000516900
8 	 20 	 0.000000037025000 	 0.000000008493632 	 1.770975684818731 	 11.496 	 10088.5559 	 27008777.8528021611 	 0.000000000457300
10 	 20 	 0.000000035255000 	 0.000000005108696 	 1.331493966756327 	 14.738 	 21302.1148 	 28364770.9544745423 	 0.000000000476900
15 	 20 	 0.000000136750000 	 0.000000012006888 	 4.694084542942437 	 51.796 	 13792.2340 	 7312614.2595978063 	 0.000000222300000
25 	 20 	 0.000000010245000 	 0.000000002313131 	 1.507195083366768 	 10.760 	 75888.8889 	 97608589.5558809340 	 0.000000000466500
50 	 20 	 0.000000007045000 	 0.000000001226065 	 1.597764144290555 	 17.202 	  2151.1450 	 141944641.5897799730 	 0.000000000485500
75 	 20 	 0.000000000000000 	 0.000000000000000 	 0.000000000000000 	 0.000 	     0.0000 	 0.0000000000 	 0.000000000000000
100 	 20 	 0.000000000000000 	 0.000000000000000 	 0.000000000000000 	 0.000 	     0.0000 	 0.0000000000 	 0.000000000000000
2 	 5 	 0.000000079640000 	 0.000000014901186 	 0.776747737666747 	 5.880 	  5754.3353 	 12556504.2692114506 	 0.000000000494600
5 	 5 	 0.000000016590000 	 0.000000005252525 	 0.684490343537749 	 9.194 	  4046.3415 	 60277275.4671488851 	 0.000000000458500
8 	 5 	 0.000000012364000 	 0.000000001702284 	 0.354936858941359 	 17.116 	   962.9283 	 80879974.1184082925 	 0.000000000450800
10 	 5 	 0.000000011004000 	 0.000000001963549 	 0.511765271899208 	 14.084 	  2321.5190 	 90876045.0745183527 	 0.000000000553900
15 	 5 	 0.000000016704000 	 0.000000003685551 	 1.440863619473771 	 10.071 	  3762.1622 	 59865900.3831417710 	 0.000000000523300
25 	 5 	 0.000000010636000 	 0.000000002193237 	 1.429073902854309 	 12.016 	  3881.7518 	 94020308.3866115063 	 0.000000000511900
50 	 5 	 0.000000005312000 	 0.000000001007290 	 1.312664759145632 	 13.638 	   609.1743 	 188253012.0481927693 	 0.000000000499900
75 	 5 	 0.000000004792000 	 0.000000000535557 	 1.046877902761169 	 25.452 	     1.2512 	 208681135.2253756225 	 0.000000000509400
100 	 5 	 0.000000002059800 	 0.000000000370444 	 0.965497666846303 	 14.852 	   547.8191 	 485484027.5754927993 	 0.000000000668200
2 	 80 	 0.000000386000000 	 0.000000014196311 	 0.740005028590559 	 45.030 	 103139.6126 	 2590673.5751295332 	 0.000000027760000
5 	 80 	 0.000000113112500 	 0.000000009001838 	 1.173087348565133 	 30.851 	    14.7258 	 8840755.8846281357 	 0.000000000559900
8 	 80 	 0.000000023487500 	 0.000000005324989 	 1.110293701056212 	 4.739 	 6263333.3333 	 42575838.2118147984 	 0.000000000456700
10 	 80 	 0.000000017150000 	 0.000000004320927 	 1.126175479512047 	 9.662 	 21107.6923 	 58309037.9008746296 	 0.000000000501700
15 	 80 	 0.000000000087275 	 0.000000000013123 	 0.005130458297116 	 8.837 	   784.4944 	 11458034947.0065879822 	 0.000000000408900
25 	 80 	 0.000000000469875 	 0.000000000105923 	 0.069017773717396 	 8.381 	 13922.2222 	 2128225591.9127426147 	 0.000000000552800
50 	 80 	 0.000000000527875 	 0.000000000099330 	 0.129443648369272 	 11.513 	  2165.6410 	 1894387875.9175941944 	 0.000000000552500
75 	 80 	 0.000000005588750 	 0.000000000650998 	 1.272535546971906 	 27.212 	  2427.2530 	 178930887.9445314109 	 0.000000000601200
100 	 80 	 0.000000000000001 	 0.000000005469217 	 14.254577649790038 	 -27.291 	 48400000.0000 	 800000000000000.0000000000 	 0.000000000181800
2 	 20 	 0.000000283550000 	 0.000000024375300 	 1.270600858767024 	 5.490 	 1667941.1765 	 3526714.8651031563 	 0.000000000416700
5 	 20 	 0.000000047970000 	 0.000000008207071 	 1.069516161777729 	 0.174 	 16861.1599 	 20846362.3097769432 	 0.000000000424300
8 	 20 	 0.000000051980000 	 0.000000007964427 	 1.660633094322013 	 14.767 	 13294.1176 	 19238168.5263562910 	 0.000000000659100
10 	 20 	 0.000000022610000 	 0.000000004838603 	 1.261099056844000 	 4.870 	 904400.0000 	 44228217.6028306037 	 0.000000000453500
15 	 20 	 0.000000008640000 	 0.000000001807861 	 0.706782065009983 	 12.184 	  6306.5693 	 115740740.7407407314 	 0.000000000490300
25 	 20 	 0.000000009805000 	 0.000000002228480 	 1.452038096026928 	 10.803 	  7907.2581 	 101988781.2340642512 	 0.000000000558000
50 	 20 	 0.000000002263500 	 0.000000000501427 	 0.653442182052025 	 13.050 	  5325.8824 	 441793682.3503423333 	 0.000000000508900
75 	 20 	 0.000000003468000 	 0.000000000777888 	 1.520572977831815 	 14.164 	  2028.0702 	 288350634.3713956475 	 0.000000000565200
100 	 20 	 0.000000001997000 	 0.000000000422628 	 1.101508645225689 	 14.095 	  1128.2486 	 500751126.6900351048 	 0.000000000521100
2 	 5 	 0.000000051920000 	 0.000000011326307 	 0.590401537118344 	 9.702 	  1473.3258 	 19260400.6163328178 	 0.000000000431700
5 	 5 	 0.000000015026000 	 0.000000003731664 	 0.486297194735805 	 3.987 	 375650.0000 	 66551311.0608278960 	 0.000000000414200
8 	 5 	 0.000000070000000 	 0.000000004694554 	 0.978844083912606 	 38.086 	  1565.9955 	 14285714.2857142873 	 0.000000001348000
10 	 5 	 0.000000017316000 	 0.000000003512516 	 0.915477218664698 	 10.183 	  3092.1429 	 57750057.7500577569 	 0.000000000499800
15 	 5 	 0.000000017558000 	 0.000000001896244 	 0.741335148998097 	 25.087 	  1057.7108 	 56954094.9994304627 	 0.000000000639600
25 	 5 	 0.000000008408000 	 0.000000001842336 	 1.200433524724434 	 8.934 	  2123.2323 	 118934348.2397716492 	 0.000000000477000
50 	 5 	 0.000000000000000 	 0.000000000000000 	 0.000000000000000 	 0.000 	     0.0000 	 0.0000000000 	 0.000000000000000
75 	 5 	 0.000000000000000 	 0.000000000000000 	 0.000000000000000 	 0.000 	     0.0000 	 0.0000000000 	 0.000000000000000
100 	 5 	 0.000000001447800 	 0.000000000268529 	 0.699874206777124 	 16.084 	 24130.0000 	 690703135.7922364473 	 0.000000000701000
