Length (um) 	 Width (um) 	 Drain Current (A/um) 	 Transconductance_Max(S/um) 	 Mobility (cm2/V-s) 	 Threshold (V) 	 OnOff 	 R_total (ohm-um) 	 Gate Leakage (A)
2 	 80 	 0.000000000000000 	 0.000000000000000 	 0.000000000000000 	 0.000 	     0.0000 	 0.0000000000 	 0.000000000000000
5 	 80 	 0.000000000000000 	 0.000000000000000 	 0.000000000000000 	 0.000 	     0.0000 	 0.0000000000 	 0.000000000000000
8 	 80 	 0.000000005062500 	 0.000000000879397 	 0.183359802115060 	 -2.476 	 368181.8182 	 197530864.1975308657 	 0.000000000637000
10 	 80 	 0.000000001238750 	 0.000000000198911 	 0.051842801193246 	 2.189 	 141571.4286 	 807265388.4964681864 	 0.000000000612000
15 	 80 	 0.000000000000000 	 0.000000000000000 	 0.000000000000000 	 0.000 	     0.0000 	 0.0000000000 	 0.000000000000000
25 	 80 	 0.000000002725000 	 0.000000000426717 	 0.278041128504829 	 4.640 	 14248.3660 	 366972477.0642201900 	 0.000000000607000
50 	 80 	 0.000000001207500 	 0.000000000262144 	 0.341616774178653 	 5.166 	  9564.3564 	 828157349.8964803219 	 0.000000000590000
75 	 80 	 0.000000001587500 	 0.000000000314070 	 0.613927908867387 	 4.197 	 10409.8361 	 629921259.8425196409 	 0.000000000546000
100 	 80 	 0.000000001662500 	 0.000000000278057 	 0.724707789311901 	 4.605 	  8807.9470 	 601503759.3984961510 	 0.000000000546000
2 	 20 	 0.000000000000000 	 0.000000000000000 	 0.000000000000000 	 0.000 	     0.0000 	 0.0000000000 	 0.000000000000000
5 	 20 	 0.000000000000000 	 0.000000000000000 	 0.000000000000000 	 0.000 	     0.0000 	 0.0000000000 	 0.000000000000000
8 	 20 	 0.000000010200000 	 0.000000001916248 	 0.399549740227863 	 2.563 	 408000.0000 	 98039215.6862744987 	 0.000000000474000
10 	 20 	 0.000000012500000 	 0.000000000907873 	 0.236621458919911 	 20.694 	  4194.6309 	 80000000.0000000000 	 0.000000000561000
15 	 20 	 0.000000000000000 	 0.000000000000000 	 0.000000000000000 	 0.000 	     0.0000 	 0.0000000000 	 0.000000000000000
25 	 20 	 0.000000000000000 	 0.000000000000000 	 0.000000000000000 	 0.000 	     0.0000 	 0.0000000000 	 0.000000000000000
50 	 20 	 0.000000007250000 	 0.000000001025126 	 1.335907129695432 	 4.074 	 725000.0000 	 137931034.4827586412 	 0.000000000460000
75 	 20 	 0.000000000000000 	 0.000000000000000 	 0.000000000000000 	 0.000 	     0.0000 	 0.0000000000 	 0.000000000000000
100 	 20 	 0.000000002460000 	 0.000000000552764 	 1.440684159475467 	 3.088 	  8945.4545 	 406504065.0406504273 	 0.000000000477000
2 	 5 	 0.000000000000000 	 0.000000000000000 	 0.000000000000000 	 0.000 	     0.0000 	 0.0000000000 	 0.000000000000000
5 	 5 	 0.000000000000000 	 0.000000000000000 	 0.000000000000000 	 0.000 	     0.0000 	 0.0000000000 	 0.000000000000000
8 	 5 	 0.000000000000000 	 0.000000000000000 	 0.000000000000000 	 0.000 	     0.0000 	 0.0000000000 	 0.000000000000000
10 	 5 	 0.000000000000000 	 0.000000000000000 	 0.000000000000000 	 0.000 	     0.0000 	 0.0000000000 	 0.000000000000000
15 	 5 	 0.000000070600000 	 0.000000018090452 	 7.072449510152306 	 -1.454 	 18978.4946 	 14164305.9490085002 	 0.000000000454000
25 	 5 	 0.000000029400000 	 0.000000006244556 	 4.068841323124659 	 1.794 	 21940.2985 	 34013605.4421768710 	 0.000000000498000
50 	 5 	 0.000000019840000 	 0.000000004247906 	 5.535719740045136 	 1.630 	 10666.6667 	 50403225.8064516038 	 0.000000000523000
75 	 5 	 0.000000012160000 	 0.000000002412060 	 4.714966340101538 	 3.140 	  8328.7671 	 82236842.1052631587 	 0.000000000530000
100 	 5 	 0.000000008480000 	 0.000000001608040 	 4.191081191201376 	 3.860 	  6328.3582 	 117924528.3018867821 	 0.000000000502000
2 	 80 	 0.000000003200000 	 0.000000000108040 	 0.005631765350677 	 29.586 	   673.6842 	 312499999.9999999404 	 0.000000000649000
5 	 80 	 0.000000000901250 	 0.000000000154941 	 0.020191406780527 	 1.971 	 13865.3846 	 1109570041.6088764668 	 0.000000000540000
8 	 80 	 0.000000000635000 	 0.000000000092965 	 0.019383750509306 	 4.540 	 12700.0000 	 1574803149.6062994003 	 0.000000000534000
10 	 80 	 0.000000000515000 	 0.000000000081658 	 0.021282834174069 	 5.764 	  5215.1899 	 1941747572.8155341148 	 0.000000000541000
15 	 80 	 0.000000000876250 	 0.000000000145310 	 0.056808795833862 	 5.651 	  5608.0000 	 1141226818.8302423954 	 0.000000000504000
25 	 80 	 0.000000001362500 	 0.000000000265075 	 0.172718385028025 	 5.142 	  7465.7534 	 733944954.1284403801 	 0.000000000511000
50 	 80 	 0.000000000390000 	 0.000000000063107 	 0.082239054103391 	 6.620 	  2888.8889 	 2564102564.1025638580 	 0.000000000507000
75 	 80 	 0.000000000732500 	 0.000000000131491 	 0.257031151179146 	 10.158 	  4069.4444 	 1365187713.3105802536 	 0.000000000544000
100 	 80 	 0.000000000656250 	 0.000000000125628 	 0.327428218062607 	 9.895 	  4233.8710 	 1523809523.8095238209 	 0.000000000577000
2 	 20 	 0.000000004585000 	 0.000000000753769 	 0.039291386167513 	 -3.306 	 229250.0000 	 218102508.1788440943 	 0.000000000528000
5 	 20 	 0.000000000000000 	 0.000000000000000 	 0.000000000000000 	 0.000 	     0.0000 	 0.0000000000 	 0.000000000000000
8 	 20 	 0.000000005750000 	 0.000000001333333 	 0.278008385683024 	 1.274 	 11386.1386 	 173913043.4782608747 	 0.000000000520000
10 	 20 	 0.000000007800000 	 0.000000001594640 	 0.415615551460801 	 3.358 	 12892.5620 	 128205128.2051282227 	 0.000000000573000
15 	 20 	 0.000000003035000 	 0.000000000921273 	 0.360171039868867 	 4.474 	  5893.2039 	 329489291.5980231166 	 0.000000000635000
25 	 20 	 0.000000002210000 	 0.000000000452261 	 0.294685396256347 	 7.904 	  2797.4684 	 452488687.7828054428 	 0.000000000580000
50 	 20 	 0.000000000040550 	 0.000000000005188 	 0.006760301275599 	 12.505 	    19.8289 	 24660912453.7607917786 	 0.000000000321000
75 	 20 	 0.000000000000000 	 0.000000000000000 	 0.000000000000000 	 0.000 	     0.0000 	 0.0000000000 	 0.000000000000000
100 	 20 	 0.000000000000000 	 0.000000000000000 	 0.000000000000000 	 0.000 	     0.0000 	 0.0000000000 	 0.000000000000000
2 	 5 	 0.000000036800000 	 0.000000006284757 	 0.327602846445573 	 -0.656 	 613333.3333 	 27173913.0434782617 	 0.000000000539000
5 	 5 	 0.000000021400000 	 0.000000003249581 	 0.423473828694304 	 4.208 	 35666.6667 	 46728971.9626168162 	 0.000000000517000
8 	 5 	 0.000000236000000 	 0.000000014070352 	 2.933756833840955 	 23.906 	  4573.6434 	 4237288.1355932206 	 0.000000000593000
10 	 5 	 0.000000012900000 	 0.000000002197655 	 0.572781096130852 	 8.121 	  3324.7423 	 77519379.8449612409 	 0.000000000633000
15 	 5 	 0.000000039800000 	 0.000000003015075 	 1.178741585025386 	 31.614 	   708.1851 	 25125628.1407035179 	 0.000000000681000
25 	 5 	 0.000000023200000 	 0.000000005440536 	 3.544956174224491 	 2.474 	  8992.2481 	 43103448.2758620679 	 0.000000000426000
50 	 5 	 0.000000000012360 	 0.000000000003458 	 0.004506285422456 	 4.919 	   363.3333 	 80906148867.3139190674 	 0.000000000359000
75 	 5 	 0.000000000290000 	 0.000000000047772 	 0.093382527791455 	 10.681 	  2416.6667 	 3448275862.0689654350 	 0.000000000775000
100 	 5 	 0.000000007720000 	 0.000000000741039 	 1.931389915611962 	 21.448 	   281.7518 	 129533678.7564766705 	 0.000000000978000
2 	 80 	 0.000000006812500 	 0.000000001030151 	 0.053698227762267 	 -1.007 	 1816666.6667 	 146788990.8256880641 	 0.000000000551000
5 	 80 	 0.000000001437500 	 0.000000000231993 	 0.030232538801114 	 4.828 	 191666.6667 	 695652173.9130434990 	 0.000000000456000
8 	 80 	 0.000000000491250 	 0.000000000120603 	 0.025146487147208 	 4.657 	  9357.1429 	 2035623409.6692111492 	 0.000000000535000
10 	 80 	 0.000000001222500 	 0.000000000207705 	 0.054134798719684 	 8.780 	  4939.3939 	 817995910.0204498768 	 0.000000000523000
15 	 80 	 0.000000000971250 	 0.000000000201005 	 0.078582772335026 	 7.555 	  8730.3371 	 1029601029.6010296345 	 0.000000000553000
25 	 80 	 0.000000000487500 	 0.000000000097152 	 0.063302788825437 	 9.255 	  3223.1405 	 2051282051.2820515633 	 0.000000000565000
50 	 80 	 0.000000000580000 	 0.000000000105528 	 0.137519851586295 	 11.522 	   748.3871 	 1724137931.0344827175 	 0.000000000600000
75 	 80 	 0.000000000895000 	 0.000000000087940 	 0.171899814482868 	 22.437 	   365.3061 	 1117318435.7541897297 	 0.000000000614000
100 	 80 	 0.000000000430000 	 0.000000000076214 	 0.198639785624648 	 8.869 	  3510.2041 	 2325581395.3488373756 	 0.000000000560000
2 	 20 	 0.000000011000000 	 0.000000001422111 	 0.074129748569374 	 -0.152 	 550000.0000 	 90909090.9090909064 	 0.000000000536000
5 	 20 	 0.000000003735000 	 0.000000000623116 	 0.081202198079526 	 6.175 	 39315.7895 	 267737617.1352075040 	 0.000000000559000
8 	 20 	 0.000000002440000 	 0.000000000360134 	 0.075090204675691 	 5.893 	  9037.0370 	 409836065.5737704635 	 0.000000000526000
10 	 20 	 0.000000003940000 	 0.000000000653266 	 0.170262673392555 	 6.956 	  8755.5556 	 253807106.5989847481 	 0.000000000567000
15 	 20 	 0.000000009000000 	 0.000000000753769 	 0.294685396256346 	 19.965 	   957.4468 	 111111111.1111111194 	 0.000000000584000
25 	 20 	 0.000000002105000 	 0.000000000438861 	 0.285953977108009 	 8.147 	  4576.0870 	 475059382.4228028059 	 0.000000000559000
50 	 20 	 0.000000001735000 	 0.000000000402010 	 0.523885148900170 	 8.540 	  4283.9506 	 576368876.0806916952 	 0.000000000564000
75 	 20 	 0.000000000795000 	 0.000000000160469 	 0.313676232903977 	 9.746 	  2148.6486 	 1257861635.2201256752 	 0.000000000546000
100 	 20 	 0.000000000910000 	 0.000000000201340 	 0.524758290815004 	 10.411 	  2303.7975 	 1098901098.9010987282 	 0.000000000571000
2 	 5 	 0.000000059800000 	 0.000000010586265 	 0.551825690174845 	 -0.333 	 166111.1111 	 16722408.0267558526 	 0.000000000591000
5 	 5 	 0.000000020600000 	 0.000000002613065 	 0.340525346785112 	 9.385 	  8174.6032 	 48543689.3203883544 	 0.000000000557000
8 	 5 	 0.000000005440000 	 0.000000000877722 	 0.183010545349126 	 9.352 	 16000.0000 	 183823529.4117647111 	 0.000000000641000
10 	 5 	 -0.000000000015080 	 0.000000000533333 	 0.139004192841512 	 -16.547 	    44.0000 	 -66312997347.4800949097 	 0.000000000300000
15 	 5 	 0.000000000000000 	 0.000000000000000 	 0.000000000000000 	 0.000 	     0.0000 	 0.0000000000 	 0.000000000000000
25 	 5 	 0.000000000000000 	 0.000000000000000 	 0.000000000000000 	 0.000 	     0.0000 	 0.0000000000 	 0.000000000000000
50 	 5 	 0.000000002000000 	 0.000000000221106 	 0.288136831895094 	 18.241 	   120.9190 	 500000000.0000000000 	 0.000000000481000
75 	 5 	 0.000000002560000 	 0.000000000201005 	 0.392913861675128 	 28.657 	    68.4492 	 390625000.0000000000 	 0.000000000576000
100 	 5 	 0.000000000726000 	 0.000000000076784 	 0.200124126879865 	 16.265 	   595.0820 	 1377410468.3195590973 	 0.000000000764000
2 	 80 	 0.000000000697500 	 0.000000000108878 	 0.005675422446419 	 1.753 	 37200.0000 	 1433691756.2724015713 	 0.000000000590000
5 	 80 	 0.000000003775000 	 0.000000000762144 	 0.099319892812324 	 2.731 	 60400.0000 	 264900662.2516556382 	 0.000000000635000
8 	 80 	 0.000000003012500 	 0.000000000201005 	 0.041910811912014 	 27.158 	   639.2573 	 331950207.4688796997 	 0.000000000657000
10 	 80 	 0.000000000318750 	 0.000000000067839 	 0.017681123775381 	 5.246 	  3642.8571 	 3137254901.9607839584 	 0.000000000592000
15 	 80 	 0.000000000385000 	 0.000000000045310 	 0.017713866597187 	 14.688 	   333.6945 	 2597402597.4025974274 	 0.000000000584000
25 	 80 	 0.000000001051250 	 0.000000000113065 	 0.073671349064086 	 16.062 	   292.0139 	 951248513.6741973162 	 0.000000000597000
50 	 80 	 0.000000000857500 	 0.000000000190955 	 0.248845445727581 	 7.659 	  7538.4615 	 1166180758.0174925327 	 0.000000000588000
75 	 80 	 0.000000002137500 	 0.000000000163317 	 0.319242512611042 	 31.352 	   468.4932 	 467836257.3099415302 	 0.000000000638000
100 	 80 	 0.000000000990000 	 0.000000000065327 	 0.170262673392555 	 26.474 	   282.3529 	 1010101010.1010102034 	 0.000000000571000
2 	 20 	 0.000000034150000 	 0.000000006164154 	 0.321316224658771 	 -1.656 	 195142.8571 	 29282576.8667642772 	 0.000000000601000
5 	 20 	 0.000000010000000 	 0.000000002013400 	 0.262379145407502 	 3.365 	 285714.2857 	 100000000.0000000000 	 0.000000000601000
8 	 20 	 0.000000016950000 	 0.000000001507538 	 0.314331089340103 	 16.243 	  1164.9485 	 58997050.1474926248 	 0.000000000714000
10 	 20 	 0.000000006050000 	 0.000000001388610 	 0.361917323698534 	 2.990 	 13444.4444 	 165289256.1983470917 	 0.000000000547000
15 	 20 	 0.000000005150000 	 0.000000000877722 	 0.343144772529611 	 4.232 	 10729.1667 	 194174757.2815534174 	 0.000000000575000
25 	 20 	 0.000000006250000 	 0.000000001206030 	 0.785827723350255 	 6.996 	  4045.3074 	 160000000.0000000000 	 0.000000000561000
50 	 20 	 0.000000000000000 	 0.000000000000000 	 0.000000000000000 	 0.000 	     0.0000 	 0.0000000000 	 0.000000000000000
75 	 20 	 0.000000000000000 	 0.000000000000000 	 0.000000000000000 	 0.000 	     0.0000 	 0.0000000000 	 0.000000000000000
100 	 20 	 0.000000001300000 	 0.000000000230151 	 0.599848495490694 	 9.898 	  2765.9574 	 769230769.2307691574 	 0.000000001020000
2 	 5 	 0.000000248000000 	 0.000000012194305 	 0.635647313998874 	 31.327 	  2945.3682 	 4032258.0645161290 	 0.000000000632000
5 	 5 	 0.000000112400000 	 0.000000010050251 	 1.309712872250426 	 12.275 	  3697.3684 	 8896797.1530249119 	 0.000000000596000
8 	 5 	 0.000000052800000 	 0.000000010050251 	 2.095540595600682 	 4.149 	 21290.3226 	 18939393.9393939413 	 0.000000000535000
10 	 5 	 0.000000079400000 	 0.000000005427136 	 1.414489902030462 	 28.592 	  1041.9948 	 12594458.4382871538 	 0.000000000641000
15 	 5 	 0.000000020600000 	 0.000000002036851 	 0.796305426328260 	 17.108 	   466.0633 	 48543689.3203883544 	 0.000000000559000
25 	 5 	 0.000000007300000 	 0.000000001132998 	 0.738241488991822 	 6.426 	 28076.9231 	 136986301.3698630035 	 0.000000000524000
50 	 5 	 0.000000000000000 	 0.000000000000000 	 0.000000000000000 	 0.000 	     0.0000 	 0.0000000000 	 0.000000000000000
75 	 5 	 0.000000000000000 	 0.000000000000000 	 0.000000000000000 	 0.000 	     0.0000 	 0.0000000000 	 0.000000000000000
100 	 5 	 0.000000000000000 	 0.000000000000000 	 0.000000000000000 	 0.000 	     0.0000 	 0.0000000000 	 0.000000000000000
2 	 80 	 0.000000000000000 	 0.000000000000000 	 0.000000000000000 	 0.000 	     0.0000 	 0.0000000000 	 0.000000000000000
5 	 80 	 0.000000000000000 	 0.000000000000000 	 0.000000000000000 	 0.000 	     0.0000 	 0.0000000000 	 0.000000000000000
8 	 80 	 0.000000003412500 	 0.000000000560720 	 0.116913702396221 	 3.465 	 910000.0000 	 293040293.0402929783 	 0.000000000810000
10 	 80 	 0.000000000010588 	 0.000000000001604 	 0.000418016691727 	 11.695 	  8470.0000 	 94451003541.9126281738 	 0.000000000308000
15 	 80 	 0.000000000591250 	 0.000000000083668 	 0.032710078984454 	 1.030 	  5255.5556 	 1691331923.8900635242 	 0.000000000696000
25 	 80 	 0.000000000171250 	 0.000000000028308 	 0.018445122950860 	 5.708 	  5480.0000 	 5839416058.3941602707 	 0.000000000561000
50 	 80 	 0.000000001412500 	 0.000000000268007 	 0.349256765933447 	 5.390 	 15694.4444 	 707964601.7699115276 	 0.000000000603000
75 	 80 	 0.000000000000000 	 0.000000000000000 	 0.000000000000000 	 0.000 	     0.0000 	 0.0000000000 	 0.000000000000000
100 	 80 	 0.000000001228750 	 0.000000000228643 	 0.595919356873945 	 7.780 	 11044.9438 	 813835198.3723295927 	 0.000000000843000
2 	 20 	 0.000000000000000 	 0.000000000000000 	 0.000000000000000 	 0.000 	     0.0000 	 0.0000000000 	 0.000000000000000
5 	 20 	 0.000000000000000 	 0.000000000000000 	 0.000000000000000 	 0.000 	     0.0000 	 0.0000000000 	 0.000000000000000
8 	 20 	 0.000000003765000 	 0.000000000680067 	 0.141798246968979 	 7.193 	 376500.0000 	 265604249.6679946780 	 0.000000000489000
10 	 20 	 0.000000000000000 	 0.000000000000000 	 0.000000000000000 	 0.000 	     0.0000 	 0.0000000000 	 0.000000000000000
15 	 20 	 0.000000018400000 	 0.000000003517588 	 1.375198515862952 	 2.150 	 3680000.0000 	 54347826.0869565234 	 0.000000000530000
25 	 20 	 0.000000000157500 	 0.000000000007571 	 0.004933251818810 	 29.551 	    23.1618 	 6349206349.2063484192 	 0.000000000437000
50 	 20 	 0.000000004260000 	 0.000000000815745 	 1.063050281309927 	 4.976 	 20285.7143 	 234741784.0375587046 	 0.000000000540000
75 	 20 	 0.000000003775000 	 0.000000000703518 	 1.375198515862945 	 4.106 	 16063.8298 	 264900662.2516556382 	 0.000000000547000
100 	 20 	 0.000000001995000 	 0.000000000452261 	 1.178741585025386 	 8.547 	  6879.3103 	 501253132.8320801854 	 0.000000000542000
2 	 5 	 0.000000000000000 	 0.000000000000000 	 0.000000000000000 	 0.000 	     0.0000 	 0.0000000000 	 0.000000000000000
5 	 5 	 0.000000000000000 	 0.000000000000000 	 0.000000000000000 	 0.000 	     0.0000 	 0.0000000000 	 0.000000000000000
8 	 5 	 0.000000040800000 	 0.000000008147404 	 1.698784909500288 	 2.164 	 408000.0000 	 24509803.9215686247 	 0.000000000527000
10 	 5 	 0.000000007180000 	 0.000000000862982 	 0.224921357261140 	 9.860 	 11218.7500 	 139275766.0167131126 	 0.000000000700000
15 	 5 	 0.000000000000000 	 0.000000000000000 	 0.000000000000000 	 0.000 	     0.0000 	 0.0000000000 	 0.000000000000000
25 	 5 	 0.000000016720000 	 0.000000003135678 	 2.043152080710661 	 4.954 	 26125.0000 	 59808612.4401913956 	 0.000000000490000
50 	 5 	 0.000000001798000 	 0.000000000221106 	 0.288136831895093 	 8.815 	  6421.4286 	 556173526.1401556730 	 0.000000000481000
75 	 5 	 0.000000000000000 	 0.000000000000000 	 0.000000000000000 	 0.000 	     0.0000 	 0.0000000000 	 0.000000000000000
100 	 5 	 0.000000002420000 	 0.000000000522613 	 1.362101387140446 	 10.253 	  2813.9535 	 413223140.4958677292 	 0.000000000587000
2 	 80 	 0.000000006062500 	 0.000000001143216 	 0.059591935687394 	 -0.334 	 970000.0000 	 164948453.6082473993 	 0.000000000522000
5 	 80 	 0.000000008487500 	 0.000000000603015 	 0.078582772335026 	 22.170 	  2631.7829 	 117820324.0058910251 	 0.000000000629000
8 	 80 	 0.000000005850000 	 0.000000000753769 	 0.157165544670051 	 12.686 	  2906.8323 	 170940170.9401709139 	 0.000000000613000
10 	 80 	 0.000000001912500 	 0.000000000361809 	 0.094299326802031 	 7.372 	  4903.8462 	 522875816.9934639931 	 0.000000000543000
15 	 80 	 0.000000001337500 	 0.000000000230737 	 0.090206474076248 	 8.494 	  3741.2587 	 747663551.4018690586 	 0.000000000532000
25 	 80 	 0.000000000751250 	 0.000000000163317 	 0.106414170870347 	 6.964 	  7240.9639 	 1331114808.6522462368 	 0.000000000607000
50 	 80 	 0.000000001412500 	 0.000000000254606 	 0.331793927636774 	 10.807 	   949.5798 	 707964601.7699115276 	 0.000000000567000
75 	 80 	 0.000000000392500 	 0.000000000068593 	 0.134081855296637 	 10.494 	  3876.5432 	 2547770700.6369423866 	 0.000000000577000
100 	 80 	 0.000000000313750 	 0.000000000062814 	 0.163714109031303 	 12.711 	  3691.1765 	 3187250996.0159358978 	 0.000000000613000
2 	 20 	 0.000000031950000 	 0.000000002010050 	 0.104777029780034 	 17.428 	  2719.1489 	 31298904.5383411571 	 0.000000000643000
5 	 20 	 0.000000012950000 	 0.000000002579564 	 0.336159637210943 	 3.983 	 99615.3846 	 77220077.2200772315 	 0.000000000577000
8 	 20 	 0.000000009750000 	 0.000000001862647 	 0.388373523717992 	 4.940 	 26351.3514 	 102564102.5641025603 	 0.000000000559000
10 	 20 	 0.000000008250000 	 0.000000001686767 	 0.439626954118726 	 4.483 	 16666.6667 	 121212121.2121212184 	 0.000000000541000
15 	 20 	 0.000000004890000 	 0.000000000867672 	 0.339215633912861 	 8.265 	 10294.7368 	 204498977.5051124692 	 0.000000000508000
25 	 20 	 0.000000001240000 	 0.000000000258291 	 0.168298104084180 	 7.354 	 49600.0000 	 806451612.9032256603 	 0.000000000522000
50 	 20 	 0.000000003295000 	 0.000000000452261 	 0.589370792512691 	 15.648 	   337.9487 	 303490136.5705614686 	 0.000000000599000
75 	 20 	 0.000000001135000 	 0.000000000218090 	 0.426311539917513 	 11.088 	  3242.8571 	 881057268.7224669456 	 0.000000000546000
100 	 20 	 0.000000000147000 	 0.000000000023082 	 0.060159477932036 	 11.262 	  9800.0000 	 6802721088.4353733063 	 0.000000000484000
2 	 5 	 0.000000174200000 	 0.000000036180905 	 1.885986536040614 	 -0.692 	 280967.7419 	 5740528.1285878308 	 0.000000000505000
5 	 5 	 0.000000022600000 	 0.000000012060302 	 1.571655446700514 	 -5.005 	 226000.0000 	 44247787.6106194705 	 0.000000000429000
8 	 5 	 0.000000037400000 	 0.000000007557789 	 1.575846527891709 	 6.124 	  8538.8128 	 26737967.9144385047 	 0.000000000516000
10 	 5 	 0.000000031600000 	 0.000000006378559 	 1.662462205843206 	 6.446 	 21351.3514 	 31645569.6202531643 	 0.000000000523000
15 	 5 	 0.000000028200000 	 0.000000003015075 	 1.178741585025386 	 20.259 	   815.0289 	 35460992.9078014120 	 0.000000000596000
25 	 5 	 0.000000003720000 	 0.000000000649246 	 0.423037257736886 	 7.098 	  3321.4286 	 268817204.3010752797 	 0.000000000523000
50 	 5 	 0.000000000000000 	 0.000000000000000 	 0.000000000000000 	 0.000 	     0.0000 	 0.0000000000 	 0.000000000000000
75 	 5 	 0.000000000000000 	 0.000000000000000 	 0.000000000000000 	 0.000 	     0.0000 	 0.0000000000 	 0.000000000000000
100 	 5 	 0.000000000248000 	 0.000000000025675 	 0.066917596352848 	 12.360 	  6200.0000 	 4032258064.5161290169 	 0.000000000354000
