Length (um) 	 Width (um) 	 Drain Current (A/um) 	 Transconductance_Max(S/um) 	 Mobility (cm2/V-s) 	 Threshold (V) 	 OnOff 	 R_total (ohm-um) 	 Gate Leakage (A)
2 	 80 	 0.000000001475000 	 0.000000000225000 	 0.011728478771003 	 15.721 	  8872.1805 	 677966101.6949152946 	 0.000000000129000
5 	 80 	 0.000000000315000 	 0.000000000042500 	 0.005538448308529 	 25.265 	 100800.0000 	 3174603174.6031742096 	 0.000000000364000
8 	 80 	 0.000000000000000 	 0.000000000000000 	 0.000000000000000 	 0.000 	     0.0000 	 0.0000000000 	 0.000000000000000
10 	 80 	 0.000000000252500 	 0.000000000028750 	 0.007493194770363 	 29.160 	 16833.3333 	 3960396039.6039605141 	 0.000000000225000
15 	 80 	 0.000000000322500 	 0.000000000036250 	 0.014171911848295 	 29.814 	  8190.4762 	 3100775193.7984495163 	 0.000000000189000
25 	 80 	 0.000000000240000 	 0.000000000027500 	 0.017918509233476 	 30.263 	  4042.1053 	 4166666666.6666669846 	 0.000000000216000
50 	 80 	 0.000000000000000 	 0.000000000000000 	 0.000000000000000 	 0.000 	     0.0000 	 0.0000000000 	 0.000000000000000
75 	 80 	 0.000000000000000 	 0.000000000000000 	 0.000000000000000 	 0.000 	     0.0000 	 0.0000000000 	 0.000000000000000
100 	 80 	 0.000000000000000 	 0.000000000000000 	 0.000000000000000 	 0.000 	     0.0000 	 0.0000000000 	 0.000000000000000
2 	 20 	 0.000000003085000 	 0.000000000476667 	 0.024846999470420 	 21.150 	 154250.0000 	 324149108.5899513364 	 0.000000000120000
5 	 20 	 0.000000000955000 	 0.000000000140667 	 0.018331177930974 	 23.997 	 38200.0000 	 1047120418.8481676579 	 0.000000000135000
8 	 20 	 0.000000000660000 	 0.000000000095000 	 0.019808097479915 	 26.830 	 132000.0000 	 1515151515.1515150070 	 0.000000000063200
10 	 20 	 0.000000000000000 	 0.000000000000000 	 0.000000000000000 	 0.000 	     0.0000 	 0.0000000000 	 0.000000000000000
15 	 20 	 0.000000000000000 	 0.000000000000000 	 0.000000000000000 	 0.000 	     0.0000 	 0.0000000000 	 0.000000000000000
25 	 20 	 0.000000000048100 	 0.000000000005547 	 0.003614109013879 	 25.286 	   601.2500 	 20790020790.0207901001 	 0.000000000012800
50 	 20 	 0.000000000047000 	 0.000000000005177 	 0.006746047233840 	 29.246 	   783.3333 	 21276595744.6808509827 	 0.000000000052000
75 	 20 	 0.000000000000000 	 0.000000000000000 	 0.000000000000000 	 0.000 	     0.0000 	 0.0000000000 	 0.000000000000000
100 	 20 	 0.000000000000000 	 0.000000000000000 	 0.000000000000000 	 0.000 	     0.0000 	 0.0000000000 	 0.000000000000000
2 	 5 	 0.000000008480000 	 0.000000001290667 	 0.067278029335292 	 20.514 	 424000.0000 	 117924528.3018867821 	 0.000000000158000
5 	 5 	 0.000000000000000 	 0.000000000000000 	 0.000000000000000 	 0.000 	     0.0000 	 0.0000000000 	 0.000000000000000
8 	 5 	 0.000000004260000 	 0.000000000601333 	 0.125381781943043 	 24.726 	 426000.0000 	 234741784.0375587046 	 0.000000000097200
10 	 5 	 0.000000000000000 	 0.000000000000000 	 0.000000000000000 	 0.000 	     0.0000 	 0.0000000000 	 0.000000000000000
15 	 5 	 0.000000000000000 	 0.000000000000000 	 0.000000000000000 	 0.000 	     0.0000 	 0.0000000000 	 0.000000000000000
25 	 5 	 0.000000000000000 	 0.000000000000000 	 0.000000000000000 	 0.000 	     0.0000 	 0.0000000000 	 0.000000000000000
50 	 5 	 0.000000000000000 	 0.000000000000000 	 0.000000000000000 	 0.000 	     0.0000 	 0.0000000000 	 0.000000000000000
75 	 5 	 0.000000000000000 	 0.000000000000000 	 0.000000000000000 	 0.000 	     0.0000 	 0.0000000000 	 0.000000000000000
100 	 5 	 0.000000000000000 	 0.000000000000000 	 0.000000000000000 	 0.000 	     0.0000 	 0.0000000000 	 0.000000000000000
2 	 80 	 0.000000000822500 	 0.000000000125000 	 0.006515821539446 	 11.602 	 1316000.0000 	 1215805471.1246201992 	 0.000000000093700
5 	 80 	 0.000000001025000 	 0.000000000139333 	 0.018157422689922 	 24.071 	 820000.0000 	 975609756.0975610018 	 0.000000000182000
8 	 80 	 0.000000000240000 	 0.000000000025000 	 0.005212657231557 	 29.724 	 10971.4286 	 4166666666.6666669846 	 0.000000000146000
10 	 80 	 0.000000000126250 	 0.000000000017750 	 0.004626233293007 	 23.459 	  3060.6061 	 7920792079.2079210281 	 0.000000000048300
15 	 80 	 0.000000000131250 	 0.000000000016750 	 0.006548400647143 	 25.095 	  2441.8605 	 7619047619.0476188660 	 0.000000000148000
25 	 80 	 0.000000000176250 	 0.000000000018750 	 0.012217165386461 	 31.333 	  3133.3333 	 5673758865.2482271194 	 0.000000000095100
50 	 80 	 0.000000000098000 	 0.000000000012500 	 0.016289553848615 	 29.909 	  3200.0000 	 10204081632.6530628204 	 0.000000000177000
75 	 80 	 0.000000000036750 	 0.000000000004633 	 0.009056991939830 	 29.640 	  4200.0000 	 27210884353.7414932251 	 0.000000000152000
100 	 80 	 0.000000000000000 	 0.000000000000000 	 0.000000000000000 	 0.000 	     0.0000 	 0.0000000000 	 0.000000000000000
2 	 20 	 0.000000001255000 	 0.000000000148333 	 0.007732108226809 	 14.758 	 502000.0000 	 796812749.0039839745 	 0.000000000098000
5 	 20 	 0.000000000000000 	 0.000000000000000 	 0.000000000000000 	 0.000 	     0.0000 	 0.0000000000 	 0.000000000000000
8 	 20 	 0.000000000225500 	 0.000000000029567 	 0.006164835952521 	 24.659 	 90200.0000 	 4434589800.4434585571 	 0.000000000051600
10 	 20 	 0.000000000750000 	 0.000000000110000 	 0.028669614773562 	 25.328 	  1315.7895 	 1333333333.3333334923 	 0.000000000014200
15 	 20 	 0.000000000000000 	 0.000000000000000 	 0.000000000000000 	 0.000 	     0.0000 	 0.0000000000 	 0.000000000000000
25 	 20 	 0.000000000187000 	 0.000000000023633 	 0.015399058238224 	 25.022 	  2493.3333 	 5347593582.8877010345 	 0.000000000000450
50 	 20 	 0.000000000068000 	 0.000000000008067 	 0.010512192083639 	 29.932 	  1182.6087 	 14705882352.9411773682 	 0.000000000017500
75 	 20 	 0.000000000016950 	 0.000000000001647 	 0.003218815840486 	 28.236 	  1130.0000 	 58997050147.4926147461 	 -0.000000000000350
100 	 20 	 0.000000000000000 	 0.000000000000000 	 0.000000000000000 	 0.000 	     0.0000 	 0.0000000000 	 0.000000000000000
2 	 5 	 0.000000008180000 	 0.000000001328000 	 0.069224088035073 	 17.444 	 818000.0000 	 122249388.7530562282 	 0.000000000174000
5 	 5 	 0.000000004860000 	 0.000000000757333 	 0.098692976917473 	 25.560 	 243000.0000 	 205761316.8724280000 	 0.000000000043300
8 	 5 	 0.000000000508000 	 0.000000000059333 	 0.012371373162895 	 27.680 	  5080.0000 	 1968503937.0078740120 	 0.000000000001550
10 	 5 	 0.000000006660000 	 0.000000000940000 	 0.244994889883164 	 26.203 	 66600.0000 	 150150150.1501501501 	 0.000000000001400
15 	 5 	 0.000000000910000 	 0.000000000112000 	 0.043786320745076 	 26.625 	  2022.2222 	 1098901098.9010987282 	 0.000000000211000
25 	 5 	 0.000000000000000 	 0.000000000000000 	 0.000000000000000 	 0.000 	     0.0000 	 0.0000000000 	 0.000000000000000
50 	 5 	 0.000000000000000 	 0.000000000000000 	 0.000000000000000 	 0.000 	     0.0000 	 0.0000000000 	 0.000000000000000
75 	 5 	 0.000000000042600 	 0.000000000004507 	 0.008809390721331 	 31.569 	  4260.0000 	 23474178403.7558708191 	 0.000000000021600
100 	 5 	 0.000000000000000 	 0.000000000000000 	 0.000000000000000 	 0.000 	     0.0000 	 0.0000000000 	 0.000000000000000
2 	 80 	 0.000000003575000 	 0.000000000500000 	 0.026063286157783 	 4.740 	 89375.0000 	 279720279.7202796936 	 0.000000000002550
5 	 80 	 0.000000002250000 	 0.000000000375833 	 0.048977258571501 	 16.809 	 720000.0000 	 444444444.4444444776 	 0.000000000053800
8 	 80 	 0.000000002437500 	 0.000000000401667 	 0.083750026187011 	 21.719 	 86666.6667 	 410256410.2564102411 	 0.000000000048900
10 	 80 	 0.000000001737500 	 0.000000000287500 	 0.074931947703627 	 21.744 	 54509.8039 	 575539568.3453238010 	 0.000000000025900
15 	 80 	 0.000000001450000 	 0.000000000225833 	 0.088289381859491 	 22.548 	 47346.9388 	 689655172.4137930870 	 0.000000000038500
25 	 80 	 0.000000000165000 	 0.000000000025000 	 0.016289553848615 	 24.228 	  2778.9474 	 6060606060.6060600281 	 0.000000000057500
50 	 80 	 0.000000000625000 	 0.000000000100000 	 0.130316430788917 	 23.630 	 125000.0000 	 1600000000.0000000000 	 0.000000000157000
75 	 80 	 0.000000000766250 	 0.000000000095000 	 0.185700913874207 	 29.003 	 13931.8182 	 1305057096.2479610443 	 0.000000000476000
100 	 80 	 0.000000000000000 	 0.000000000000000 	 0.000000000000000 	 0.000 	     0.0000 	 0.0000000000 	 0.000000000000000
2 	 20 	 0.000000000000000 	 0.000000000000000 	 0.000000000000000 	 0.000 	     0.0000 	 0.0000000000 	 0.000000000000000
5 	 20 	 0.000000000000000 	 0.000000000000000 	 0.000000000000000 	 0.000 	     0.0000 	 0.0000000000 	 0.000000000000000
8 	 20 	 0.000000000000000 	 0.000000000000000 	 0.000000000000000 	 0.000 	     0.0000 	 0.0000000000 	 0.000000000000000
10 	 20 	 0.000000000000000 	 0.000000000000000 	 0.000000000000000 	 0.000 	     0.0000 	 0.0000000000 	 0.000000000000000
15 	 20 	 0.000000000000000 	 0.000000000000000 	 0.000000000000000 	 0.000 	     0.0000 	 0.0000000000 	 0.000000000000000
25 	 20 	 0.000000000000000 	 0.000000000000000 	 0.000000000000000 	 0.000 	     0.0000 	 0.0000000000 	 0.000000000000000
50 	 20 	 0.000000000000000 	 0.000000000000000 	 0.000000000000000 	 0.000 	     0.0000 	 0.0000000000 	 0.000000000000000
75 	 20 	 0.000000000000007 	 0.000000000000003 	 0.000004886866155 	 -11.065 	    33.0000 	 133333333333333.3437500000 	 0.000000000002400
100 	 20 	 0.000000000000000 	 0.000000000000000 	 0.000000000000000 	 0.000 	     0.0000 	 0.0000000000 	 0.000000000000000
2 	 5 	 0.000000112000000 	 0.000000016333333 	 0.851400681154259 	 6.380 	 11200000.0000 	 8928571.4285714291 	 0.000000000004600
5 	 5 	 0.000000035400000 	 0.000000006400000 	 0.834025157049070 	 19.799 	 1770000.0000 	 28248587.5706214681 	 0.000000000125000
8 	 5 	 0.000000044400000 	 0.000000008013333 	 1.670830397954967 	 17.896 	 153103.4483 	 22522522.5225225240 	 0.000000000001700
10 	 5 	 0.000000011620000 	 0.000000002000000 	 0.521265723155669 	 22.343 	 29794.8718 	 86058519.7934595495 	 0.000000000002300
15 	 5 	 0.000000029400000 	 0.000000004800000 	 1.876556603360407 	 22.866 	 61250.0000 	 34013605.4421768710 	 0.000000000027200
25 	 5 	 0.000000012980000 	 0.000000001806667 	 1.177191758126552 	 26.409 	 20935.4839 	 77041602.4653312713 	 -0.000000000003350
50 	 5 	 0.000000000718000 	 0.000000000143467 	 0.186960639371833 	 24.712 	  1527.6596 	 1392757660.1671311855 	 0.000000000133000
75 	 5 	 0.000000000000000 	 0.000000000000000 	 0.000000000000000 	 0.000 	     0.0000 	 0.0000000000 	 0.000000000000000
100 	 5 	 0.000000000000000 	 0.000000000000000 	 0.000000000000000 	 0.000 	     0.0000 	 0.0000000000 	 0.000000000000000
2 	 80 	 0.000000004125000 	 0.000000000413208 	 0.021539134068895 	 -1.174 	 6600000.0000 	 242424242.4242424369 	 0.000000000003950
5 	 80 	 0.000000014375000 	 0.000000002250000 	 0.293211969275064 	 15.294 	 821428.5714 	 69565217.3913043439 	 0.000000000053300
8 	 80 	 0.000000014500000 	 0.000000001250000 	 0.260632861577835 	 31.614 	 134104.0462 	 68965517.2413793206 	 0.000000000006400
10 	 80 	 0.000000001083750 	 0.000000000155000 	 0.040398093544564 	 19.233 	 867000.0000 	 922722029.9884659052 	 0.000000000024900
15 	 80 	 0.000000001675000 	 0.000000000276667 	 0.108162637554801 	 19.267 	 21440.0000 	 597014925.3731343746 	 0.000000000101000
25 	 80 	 0.000000000957500 	 0.000000000150833 	 0.098280308219975 	 22.467 	 1532000.0000 	 1044386422.9765012264 	 0.000000000004600
50 	 80 	 0.000000000000000 	 0.000000000000000 	 0.000000000000000 	 0.000 	     0.0000 	 0.0000000000 	 0.000000000000000
75 	 80 	 0.000000000000000 	 0.000000000000000 	 0.000000000000000 	 0.000 	     0.0000 	 0.0000000000 	 0.000000000000000
100 	 80 	 0.000000000000001 	 0.000000000000000 	 0.000000542985128 	 -10.983 	    25.0000 	 1600000000000000.0000000000 	 0.000000000000000
2 	 20 	 0.000000000000000 	 0.000000000000000 	 0.000000000000000 	 0.000 	     0.0000 	 0.0000000000 	 0.000000000000000
5 	 20 	 0.000000000000000 	 0.000000000000000 	 0.000000000000000 	 0.000 	     0.0000 	 0.0000000000 	 0.000000000000000
8 	 20 	 0.000000000000000 	 0.000000000000000 	 0.000000000000000 	 0.000 	     0.0000 	 0.0000000000 	 0.000000000000000
10 	 20 	 0.000000000000000 	 0.000000000000000 	 0.000000000000000 	 0.000 	     0.0000 	 0.0000000000 	 0.000000000000000
15 	 20 	 0.000000000000000 	 0.000000000000000 	 0.000000000000000 	 0.000 	     0.0000 	 0.0000000000 	 0.000000000000000
25 	 20 	 0.000000000000000 	 0.000000000000000 	 0.000000000000000 	 0.000 	     0.0000 	 0.0000000000 	 0.000000000000000
50 	 20 	 0.000000005550000 	 0.000000000870000 	 1.133752947863578 	 18.217 	 555000.0000 	 180180180.1801801920 	 -0.000000000001800
75 	 20 	 0.000000004000000 	 0.000000000653333 	 1.277101021731388 	 22.802 	  8743.1694 	 250000000.0000000000 	 -0.000000000001400
100 	 20 	 0.000000000000000 	 0.000000000000000 	 0.000000000000000 	 0.000 	     0.0000 	 0.0000000000 	 0.000000000000000
2 	 5 	 0.000000010600000 	 0.000000002046667 	 0.106685718005860 	 1.804 	 1060000.0000 	 94339622.6415094435 	 0.000000000001850
5 	 5 	 0.000000030000000 	 0.000000004800000 	 0.625518867786802 	 20.099 	 14285.7143 	 33333333.3333333358 	 0.000000000001750
8 	 5 	 0.000000067000000 	 0.000000012000000 	 2.502075471147204 	 17.210 	 106349.2063 	 14925373.1343283579 	 0.000000000000500
10 	 5 	 0.000000055200000 	 0.000000009213333 	 2.401297431337112 	 20.135 	 76666.6667 	 18115942.0289855078 	 0.000000000017000
15 	 5 	 0.000000028800000 	 0.000000004200000 	 1.641987027940359 	 24.351 	 40000.0000 	 34722222.2222222239 	 0.000000000026600
25 	 5 	 0.000000000000000 	 0.000000000000000 	 0.000000000000000 	 0.000 	     0.0000 	 0.0000000000 	 0.000000000000000
50 	 5 	 0.000000006300000 	 0.000000000940000 	 1.224974449415820 	 24.703 	 630000.0000 	 158730158.7301587462 	 0.000000000059700
75 	 5 	 0.000000000000000 	 0.000000000000000 	 0.000000000000000 	 0.000 	     0.0000 	 0.0000000000 	 0.000000000000000
100 	 5 	 0.000000000000000 	 0.000000000000000 	 0.000000000000000 	 0.000 	     0.0000 	 0.0000000000 	 0.000000000000000
2 	 80 	 0.000000000152500 	 0.000000000023750 	 0.001238006092495 	 15.055 	 48800.0000 	 6557377049.1803274155 	 0.000000000091100
5 	 80 	 0.000000001142500 	 0.000000000187500 	 0.024434330772922 	 23.858 	 914000.0000 	 875273522.9759299755 	 0.000000000172000
8 	 80 	 0.000000001462500 	 0.000000000225000 	 0.046913915084010 	 23.827 	 117000.0000 	 683760683.7606836557 	 0.000000000155000
10 	 80 	 0.000000000373750 	 0.000000000048500 	 0.012640693786525 	 27.435 	 29900.0000 	 2675585284.2809362411 	 0.000000000122000
15 	 80 	 0.000000000420000 	 0.000000000055583 	 0.021730264834052 	 27.801 	 23172.4138 	 2380952380.9523806572 	 0.000000000154000
25 	 80 	 0.000000000121000 	 0.000000000016250 	 0.010588210001600 	 24.925 	  9219.0476 	 8264462809.9173555374 	 0.000000000057800
50 	 80 	 0.000000000811250 	 0.000000000092500 	 0.120542698479748 	 30.211 	 35081.0811 	 1232665639.4453003407 	 0.000000000063900
75 	 80 	 0.000000000000000 	 0.000000000000000 	 0.000000000000000 	 0.000 	     0.0000 	 0.0000000000 	 0.000000000000000
100 	 80 	 0.000000000000000 	 0.000000000000000 	 0.000000000000000 	 0.000 	     0.0000 	 0.0000000000 	 0.000000000000000
2 	 20 	 0.000000005600000 	 0.000000000600000 	 0.031275943389340 	 25.686 	  2483.3703 	 178571428.5714285970 	 0.000000000005750
5 	 20 	 0.000000002555000 	 0.000000000375000 	 0.048868661545844 	 24.096 	 255500.0000 	 391389432.4853228927 	 0.000000000047300
8 	 20 	 0.000000006200000 	 0.000000000910000 	 0.189740723228664 	 23.401 	 130526.3158 	 161290322.5806451440 	 0.000000000068500
10 	 20 	 0.000000010000000 	 0.000000001450000 	 0.377917649287860 	 25.654 	 27777.7778 	 100000000.0000000000 	 0.000000000318000
15 	 20 	 0.000000002655000 	 0.000000000295000 	 0.115330041248192 	 31.817 	  4741.0714 	 376647834.2749529481 	 0.000000000423000
25 	 20 	 0.000000002135000 	 0.000000000285667 	 0.186135301976837 	 28.699 	   469.7470 	 468384074.9414520264 	 0.000000000404000
50 	 20 	 0.000000000990000 	 0.000000000126667 	 0.165067478999295 	 28.287 	  4212.7660 	 1010101010.1010102034 	 0.000000000374000
75 	 20 	 0.000000000000000 	 0.000000000000000 	 0.000000000000000 	 0.000 	     0.0000 	 0.0000000000 	 0.000000000000000
100 	 20 	 0.000000000000000 	 0.000000000000000 	 0.000000000000000 	 0.000 	     0.0000 	 0.0000000000 	 0.000000000000000
2 	 5 	 0.000000023200000 	 0.000000003506667 	 0.182790513586588 	 18.166 	 2320000.0000 	 43103448.2758620679 	 0.000000000004700
5 	 5 	 0.000000025000000 	 0.000000003653333 	 0.476089360482177 	 22.091 	 500000.0000 	 40000000.0000000000 	 0.000000000008150
8 	 5 	 0.000000016280000 	 0.000000002600000 	 0.542116352081895 	 24.600 	 74000.0000 	 61425061.4250614196 	 0.000000000066300
10 	 5 	 0.000000018140000 	 0.000000002640000 	 0.688070754565482 	 25.916 	 54969.6970 	 55126791.6207276732 	 0.000000000070900
15 	 5 	 0.000000004540000 	 0.000000000533333 	 0.208506289262267 	 29.110 	  9869.5652 	 220264317.1806167364 	 -0.000000000000350
25 	 5 	 0.000000004020000 	 0.000000000508000 	 0.331003734203849 	 28.071 	 15461.5385 	 248756218.9054726064 	 0.000000000003000
50 	 5 	 0.000000000386000 	 0.000000000040040 	 0.052178698887882 	 31.307 	  2412.5000 	 2590673575.1295332909 	 0.000000000005750
75 	 5 	 0.000000000000000 	 0.000000000000000 	 0.000000000000000 	 0.000 	     0.0000 	 0.0000000000 	 0.000000000000000
100 	 5 	 0.000000000000000 	 0.000000000000000 	 0.000000000000000 	 0.000 	     0.0000 	 0.0000000000 	 0.000000000000000
2 	 80 	 0.000000000355000 	 0.000000000040667 	 0.002119813940833 	 8.860 	 568000.0000 	 2816901408.4507040977 	 0.000000000045100
5 	 80 	 0.000000000121750 	 0.000000000028750 	 0.003746597385181 	 17.124 	 38960.0000 	 8213552361.3963041306 	 0.000000000035500
8 	 80 	 0.000000000653750 	 0.000000000095000 	 0.019808097479915 	 24.207 	 348666.6667 	 1529636711.2810707092 	 0.000000000020300
10 	 80 	 0.000000000358750 	 0.000000000048167 	 0.012553816165999 	 25.894 	  8567.1642 	 2787456445.9930315018 	 0.000000000050900
15 	 80 	 0.000000000000000 	 0.000000000000000 	 0.000000000000000 	 0.000 	     0.0000 	 0.0000000000 	 0.000000000000000
25 	 80 	 0.000000000248750 	 0.000000000037667 	 0.024542927798579 	 25.911 	 19900.0000 	 4020100502.5125627518 	 0.000000000047700
50 	 80 	 0.000000000791250 	 0.000000000103750 	 0.135203296943502 	 28.483 	 52750.0000 	 1263823064.7709319592 	 0.000000000063400
75 	 80 	 0.000000000000000 	 0.000000000000000 	 0.000000000000000 	 0.000 	     0.0000 	 0.0000000000 	 0.000000000000000
100 	 80 	 0.000000000000000 	 0.000000000000000 	 0.000000000000000 	 0.000 	     0.0000 	 0.0000000000 	 0.000000000000000
2 	 20 	 0.000000001285000 	 0.000000000261000 	 0.013605035374363 	 12.524 	 514000.0000 	 778210116.7315175533 	 0.000000000049700
5 	 20 	 0.000000002995000 	 0.000000000400000 	 0.052126572315567 	 25.059 	 1198000.0000 	 333889816.3606010079 	 0.000000000095100
8 	 20 	 0.000000002115000 	 0.000000000245000 	 0.051084040869255 	 28.688 	 42300.0000 	 472813238.7706855536 	 0.000000000072800
10 	 20 	 0.000000000000000 	 0.000000000000000 	 0.000000000000000 	 0.000 	     0.0000 	 0.0000000000 	 0.000000000000000
15 	 20 	 0.000000000000000 	 0.000000000000000 	 0.000000000000000 	 0.000 	     0.0000 	 0.0000000000 	 0.000000000000000
25 	 20 	 0.000000003020000 	 0.000000000393000 	 0.256071786500222 	 27.223 	 38967.7419 	 331125827.8145695329 	 0.000000000196000
50 	 20 	 0.000000000000000 	 0.000000000000000 	 0.000000000000000 	 0.000 	     0.0000 	 0.0000000000 	 0.000000000000000
75 	 20 	 0.000000000000000 	 0.000000000000000 	 0.000000000000000 	 0.000 	     0.0000 	 0.0000000000 	 0.000000000000000
100 	 20 	 0.000000000098500 	 0.000000000011500 	 0.029972779081451 	 31.299 	  9850.0000 	 10152284263.9593906403 	 0.000000000291000
2 	 5 	 0.000000011600000 	 0.000000001470667 	 0.076660812352094 	 12.872 	 1160000.0000 	 86206896.5517241359 	 0.000000000064400
5 	 5 	 0.000000026600000 	 0.000000004400000 	 0.573392295471236 	 22.791 	 665000.0000 	 37593984.9624060094 	 0.000000000060800
8 	 5 	 0.000000007420000 	 0.000000000822667 	 0.171531173966425 	 29.795 	 61833.3333 	 134770889.4878706038 	 0.000000000004900
10 	 5 	 0.000000011920000 	 0.000000001534667 	 0.399984564901450 	 26.077 	 51826.0870 	 83892617.4496644437 	 -0.000000000002350
15 	 5 	 0.000000011000000 	 0.000000001594667 	 0.623433804894180 	 25.916 	 30555.5556 	 90909090.9090909064 	 0.000000000090000
25 	 5 	 0.000000011640000 	 0.000000001320000 	 0.860088443206852 	 30.042 	 44769.2308 	 85910652.9209621996 	 0.000000000026600
50 	 5 	 0.000000000000000 	 0.000000000000000 	 0.000000000000000 	 0.000 	     0.0000 	 0.0000000000 	 0.000000000000000
75 	 5 	 0.000000000000000 	 0.000000000000000 	 0.000000000000000 	 0.000 	     0.0000 	 0.0000000000 	 0.000000000000000
100 	 5 	 0.000000000000000 	 0.000000000000000 	 0.000000000000000 	 0.000 	     0.0000 	 0.0000000000 	 0.000000000000000
