Length (um) 	 Width (um) 	 Drain Current (A/um) 	 Transconductance_Max(S/um) 	 Mobility (cm2/V-s) 	 Threshold (V) 	 OnOff 	 R_total (ohm-um) 	 Gate Leakage (A)
2 	 80 	 0.000000000000027 	 0.000000000000079 	 0.000004137546678 	 -12.695 	  2660.0000 	 37209302325581.3984375000 	 0.000000500000000
5 	 80 	 0.000000000000000 	 0.000000000000000 	 0.000000000000000 	 0.000 	     0.0000 	 0.0000000000 	 0.000000000000000
8 	 80 	 0.000000004525000 	 0.000000000731250 	 0.152470224023033 	 5.842 	 7240000.0000 	 220994475.1381215453 	 0.000000000134000
10 	 80 	 0.000000001135000 	 0.000000000180833 	 0.047131109135325 	 15.249 	 90800.0000 	 881057268.7224669456 	 0.000000000113000
15 	 80 	 0.000000000005400 	 0.000000000000421 	 0.000164687389409 	 22.835 	    27.0000 	 185185185185.1851806641 	 0.000000000002150
25 	 80 	 0.000000002250000 	 0.000000000350000 	 0.228053753880605 	 17.195 	 20454.5455 	 444444444.4444444776 	 0.000000000050800
50 	 80 	 0.000000001537500 	 0.000000000208333 	 0.271492564143577 	 22.076 	 11181.8182 	 650406504.0650405884 	 0.000000000041800
75 	 80 	 0.000000001575000 	 0.000000000252500 	 0.493573481613024 	 20.049 	  7325.5814 	 634920634.9206349850 	 0.000000000079600
100 	 80 	 0.000000001525000 	 0.000000000250000 	 0.651582153944585 	 21.167 	  6931.8182 	 655737704.9180327654 	 0.000000000086400
2 	 20 	 0.000000000000000 	 0.000000000000000 	 0.000000000000000 	 0.000 	     0.0000 	 0.0000000000 	 0.000000000000000
5 	 20 	 -0.000000000000005 	 0.000000000000003 	 0.000000347510482 	 -11.253 	   153.0000 	 -200000000000000.0000000000 	 -0.000000000000050
8 	 20 	 0.000000017850000 	 0.000000002050000 	 0.427437892987648 	 20.423 	 92727.2727 	 56022408.9635854363 	 0.000000000002450
10 	 20 	 0.000000003770000 	 0.000000000543333 	 0.141610521457290 	 18.150 	 22848.4848 	 265251989.3899204135 	 0.000000000006550
15 	 20 	 0.000000000000000 	 0.000000000000000 	 0.000000000000000 	 0.000 	     0.0000 	 0.0000000000 	 0.000000000000000
25 	 20 	 -0.000000000000005 	 0.000000000000000 	 0.000000217194051 	 -11.260 	   125.0000 	 -200000000000000.0000000000 	 0.000000000005000
50 	 20 	 0.000000006050000 	 0.000000001050000 	 1.368322523283629 	 14.518 	 151250.0000 	 165289256.1983470917 	 -0.000000000000150
75 	 20 	 0.000000001310000 	 0.000000000085000 	 0.166153449255869 	 25.582 	  6238.0952 	 763358778.6259542704 	 0.000000000001450
100 	 20 	 0.000000002600000 	 0.000000000426667 	 1.112033542732093 	 17.502 	  6540.8805 	 384615384.6153845787 	 0.000000000007150
2 	 5 	 0.000000000000000 	 0.000000000000000 	 0.000000000000000 	 0.000 	     0.0000 	 0.0000000000 	 0.000000000000000
5 	 5 	 -0.000000000000030 	 0.000000000000040 	 0.000005212657232 	 -11.264 	   179.0000 	 -33333333333333.3359375000 	 0.000000000157000
8 	 5 	 0.000000000000000 	 0.000000000000000 	 0.000000000000000 	 0.000 	     0.0000 	 0.0000000000 	 0.000000000000000
10 	 5 	 0.000000027200000 	 0.000000002600000 	 0.677645440102369 	 31.480 	 16190.4762 	 36764705.8823529407 	 0.000000000005300
15 	 5 	 0.000000074000000 	 0.000000016133333 	 6.307315250183597 	 7.643 	 39153.4392 	 13513513.5135135129 	 0.000000000045100
25 	 5 	 0.000000031800000 	 0.000000006400000 	 4.170125785245359 	 13.700 	 122307.6923 	 31446540.8805031404 	 0.000000000009050
50 	 5 	 0.000000021000000 	 0.000000004400000 	 5.733922954712358 	 12.591 	 13043.4783 	 47619047.6190476194 	 0.000000000035200
75 	 5 	 0.000000012400000 	 0.000000002200000 	 4.300442216034268 	 18.355 	  4558.8235 	 80645161.2903225720 	 0.000000000005050
100 	 5 	 0.000000008560000 	 0.000000001400000 	 3.648860062089678 	 21.475 	  3014.0845 	 116822429.9065420628 	 0.000000000001350
2 	 80 	 0.000000000000000 	 0.000000000000000 	 0.000000000000000 	 0.000 	     0.0000 	 0.0000000000 	 0.000000000000000
5 	 80 	 0.000000000805000 	 0.000000000150000 	 0.019547464618338 	 15.271 	 21466.6667 	 1242236024.8447206020 	 0.000000000105000
8 	 80 	 0.000000001021250 	 0.000000000100000 	 0.020850628926227 	 28.785 	  4392.4731 	 979192166.4626682997 	 0.000000000007200
10 	 80 	 0.000000000446250 	 0.000000000066833 	 0.017418962915452 	 21.091 	  4080.0000 	 2240896358.5434169769 	 0.000000000005250
15 	 80 	 0.000000000726250 	 0.000000000101583 	 0.039713932282922 	 21.481 	  3797.3856 	 1376936316.6953527927 	 0.000000000011500
25 	 80 	 0.000000001300000 	 0.000000000200000 	 0.130316430788917 	 19.072 	  5226.1307 	 769230769.2307691574 	 0.000000000054700
50 	 80 	 0.000000000385000 	 0.000000000052750 	 0.068741917241154 	 25.006 	  1595.8549 	 2597402597.4025974274 	 0.000000000012300
75 	 80 	 0.000000000613750 	 0.000000000077000 	 0.150515477561199 	 26.304 	  2922.6190 	 1629327902.2403259277 	 0.000000000031700
100 	 80 	 0.000000000502500 	 0.000000000062083 	 0.161809568229572 	 28.190 	  2245.8101 	 1990049751.2437808514 	 0.000000000060900
2 	 20 	 0.000000004010000 	 0.000000000643333 	 0.033534761523015 	 11.088 	 534666.6667 	 249376558.6034912467 	 0.000000000059900
5 	 20 	 0.000000000580000 	 0.000000000071350 	 0.009298077336789 	 21.004 	 116000.0000 	 1724137931.0344827175 	 0.000000000001100
8 	 20 	 0.000000004815000 	 0.000000000863333 	 0.180010429729758 	 16.887 	 29630.7692 	 207684319.8338525295 	 0.000000000043500
10 	 20 	 0.000000006050000 	 0.000000000980000 	 0.255420204346278 	 19.591 	 13672.3164 	 165289256.1983470917 	 0.000000000030900
15 	 20 	 0.000000003310000 	 0.000000000460000 	 0.179836674488706 	 24.878 	  6554.4554 	 302114803.6253776550 	 0.000000000015100
25 	 20 	 0.000000001945000 	 0.000000000260000 	 0.169411360025593 	 26.198 	  3740.3846 	 514138817.4807198048 	 0.000000000025900
50 	 20 	 0.000000000000000 	 0.000000000000000 	 0.000000000000000 	 0.000 	     0.0000 	 0.0000000000 	 0.000000000000000
75 	 20 	 0.000000000000000 	 0.000000000000000 	 0.000000000000000 	 0.000 	     0.0000 	 0.0000000000 	 0.000000000000000
100 	 20 	 0.000000000000000 	 0.000000000000000 	 0.000000000000000 	 0.000 	     0.0000 	 0.0000000000 	 0.000000000000000
2 	 5 	 0.000000031400000 	 0.000000005480000 	 0.285653616289306 	 13.209 	 3140000.0000 	 31847133.7579617836 	 0.000000000066400
5 	 5 	 0.000000018660000 	 0.000000002733333 	 0.356198244156374 	 20.597 	 233250.0000 	 53590568.0600214377 	 0.000000000031900
8 	 5 	 0.000000053600000 	 0.000000009466667 	 1.973859538349466 	 17.181 	 69610.3896 	 18656716.4179104492 	 0.000000000029000
10 	 5 	 0.000000000000000 	 0.000000000000000 	 0.000000000000000 	 0.000 	     0.0000 	 0.0000000000 	 0.000000000000000
15 	 5 	 0.000000006920000 	 0.000000000932000 	 0.364364740485812 	 22.339 	  3203.7037 	 144508670.5202312171 	 0.000000000008900
25 	 5 	 0.000000029200000 	 0.000000004440000 	 2.893024763513963 	 20.163 	 11587.3016 	 34246575.3424657509 	 0.000000000002400
50 	 5 	 0.000000000000000 	 0.000000000000000 	 0.000000000000000 	 0.000 	     0.0000 	 0.0000000000 	 0.000000000000000
75 	 5 	 0.000000000163800 	 0.000000000021107 	 0.041258181987771 	 27.680 	   273.0000 	 6105006105.0061044693 	 0.000000000091500
100 	 5 	 0.000000000000000 	 0.000000000000000 	 0.000000000000000 	 0.000 	     0.0000 	 0.0000000000 	 0.000000000000000
2 	 80 	 0.000000006187500 	 0.000000001008333 	 0.052560960418197 	 8.258 	 3300000.0000 	 161616161.6161616147 	 0.000000000000600
5 	 80 	 0.000000001176250 	 0.000000000184167 	 0.023999942670292 	 17.393 	 144769.2308 	 850159404.8884165287 	 0.000000000000950
8 	 80 	 0.000000001230000 	 0.000000000112500 	 0.023456957542005 	 30.045 	  5178.9474 	 813008130.0813008547 	 -0.000000000000150
10 	 80 	 0.000000000966250 	 0.000000000141667 	 0.036922988723526 	 20.583 	  9974.1935 	 1034928848.6416559219 	 0.000000000028900
15 	 80 	 0.000000001092500 	 0.000000000150000 	 0.058642393855013 	 23.234 	  7945.4545 	 915331807.7803204060 	 0.000000000000800
25 	 80 	 0.000000000817500 	 0.000000000082500 	 0.053755527700428 	 30.747 	  3406.2500 	 1223241590.2140672207 	 -0.000000000001350
50 	 80 	 0.000000000446250 	 0.000000000059750 	 0.077864067396378 	 24.442 	  2245.2830 	 2240896358.5434169769 	 -0.000000000002500
75 	 80 	 0.000000000261250 	 0.000000000036917 	 0.072162723549363 	 25.694 	  1672.0000 	 3827751196.1722493172 	 0.000000000003250
100 	 80 	 0.000000000333750 	 0.000000000042083 	 0.109682995914005 	 25.421 	  1948.9051 	 2996254681.6479396820 	 0.000000000028200
2 	 20 	 0.000000008950000 	 0.000000001700000 	 0.088615172936464 	 9.995 	 1193333.3333 	 111731843.5754190087 	 0.000000000007450
5 	 20 	 0.000000002995000 	 0.000000000448333 	 0.058425199803698 	 19.645 	 1198000.0000 	 333889816.3606010079 	 0.000000000003200
8 	 20 	 0.000000003645000 	 0.000000000357000 	 0.074436745266630 	 29.799 	  4993.1507 	 274348422.4965706468 	 -0.000000000006550
10 	 20 	 0.000000003790000 	 0.000000000500000 	 0.130316430788917 	 23.314 	  8662.8571 	 263852242.7440633178 	 0.000000000006400
15 	 20 	 0.000000002680000 	 0.000000000406667 	 0.158986045562479 	 21.136 	  4155.0388 	 373134328.3582090139 	 0.000000000033700
25 	 20 	 0.000000002390000 	 0.000000000290000 	 0.188958824643930 	 26.681 	  3296.5517 	 418410041.8410041928 	 0.000000000004950
50 	 20 	 0.000000001495000 	 0.000000000215000 	 0.280180326196172 	 23.235 	  2006.7114 	 668896321.0702340603 	 0.000000000027200
75 	 20 	 0.000000000750000 	 0.000000000091667 	 0.179185092334761 	 27.002 	   738.9163 	 1333333333.3333334923 	 0.000000000019700
100 	 20 	 0.000000000835000 	 0.000000000100000 	 0.260632861577834 	 29.399 	   852.0408 	 1197604790.4191615582 	 0.000000000031600
2 	 5 	 0.000000082600000 	 0.000000012000000 	 0.625518867786803 	 16.545 	 158846.1538 	 12106537.5302663445 	 0.000000000025800
5 	 5 	 0.000000026600000 	 0.000000002400000 	 0.312759433893401 	 30.575 	 28602.1505 	 37593984.9624060094 	 0.000000000032000
8 	 5 	 0.000000003980000 	 0.000000000501333 	 0.104531153016817 	 25.751 	  9476.1905 	 251256281.4070351720 	 0.000000000161000
10 	 5 	 0.000000002600000 	 0.000000000314667 	 0.082012473776492 	 26.144 	   560.3448 	 384615384.6153845787 	 0.000000000128000
15 	 5 	 0.000000000000000 	 0.000000000000000 	 0.000000000000000 	 0.000 	     0.0000 	 0.0000000000 	 0.000000000000000
25 	 5 	 0.000000001710000 	 0.000000000208667 	 0.135963476123103 	 29.496 	   909.5745 	 584795321.6374268532 	 0.000000000086600
50 	 5 	 0.000000000000000 	 0.000000000000000 	 0.000000000000000 	 0.000 	     0.0000 	 0.0000000000 	 0.000000000000000
75 	 5 	 0.000000000000000 	 0.000000000000000 	 0.000000000000000 	 0.000 	     0.0000 	 0.0000000000 	 0.000000000000000
100 	 5 	 0.000000000000000 	 0.000000000000000 	 0.000000000000000 	 0.000 	     0.0000 	 0.0000000000 	 0.000000000000000
2 	 80 	 0.000000000486250 	 0.000000000073125 	 0.003811755600576 	 12.405 	 11969.2308 	 2056555269.9228792191 	 0.000000000009850
5 	 80 	 0.000000003887500 	 0.000000000750000 	 0.097737323091688 	 14.551 	 388750.0000 	 257234726.6881029010 	 0.000000000242000
8 	 80 	 0.000000001587500 	 0.000000000150000 	 0.031275943389340 	 31.684 	 30975.6098 	 629921259.8425196409 	 0.000000000023500
10 	 80 	 0.000000000578750 	 0.000000000058750 	 0.015312180617698 	 27.664 	  6299.3197 	 1727861771.0583152771 	 0.000000000023100
15 	 80 	 0.000000000000000 	 0.000000000000000 	 0.000000000000000 	 0.000 	     0.0000 	 0.0000000000 	 0.000000000000000
25 	 80 	 0.000000000350000 	 0.000000000051417 	 0.033502182415317 	 21.687 	  2352.9412 	 2857142857.1428575516 	 0.000000000179000
50 	 80 	 0.000000001325000 	 0.000000000150000 	 0.195474646183376 	 28.578 	  5698.9247 	 754716981.1320755482 	 0.000000000055700
75 	 80 	 0.000000000315000 	 0.000000000042167 	 0.082425142473990 	 24.645 	  1575.0000 	 3174603174.6031742096 	 0.000000000137000
100 	 80 	 0.000000000215000 	 0.000000000027917 	 0.072760007190479 	 27.021 	  1186.2069 	 4651162790.6976747513 	 0.000000000147000
2 	 20 	 0.000000031200000 	 0.000000006500000 	 0.338822720051185 	 8.482 	 1134545.4545 	 32051282.0512820557 	 0.000000000064200
5 	 20 	 0.000000010350000 	 0.000000001716667 	 0.223709872854308 	 15.127 	 828000.0000 	 96618357.4879226983 	 0.000000000135000
8 	 20 	 0.000000005900000 	 0.000000001050000 	 0.218931603725381 	 17.290 	 30649.3506 	 169491525.4237288237 	 0.000000000122000
10 	 20 	 0.000000012900000 	 0.000000001400000 	 0.364886006208968 	 27.137 	 31463.4146 	 77519379.8449612409 	 0.000000000067000
15 	 20 	 0.000000004330000 	 0.000000000850000 	 0.332306898511739 	 18.806 	  7401.7094 	 230946882.2170901000 	 0.000000000093100
25 	 20 	 0.000000005750000 	 0.000000000866667 	 0.564704533418641 	 20.302 	  8214.2857 	 173913043.4782608747 	 0.000000000095700
50 	 20 	 0.000000000133500 	 0.000000000016533 	 0.021545649890434 	 22.084 	  1089.7959 	 7490636704.1198501587 	 0.000000000040900
75 	 20 	 0.000000000019550 	 0.000000000002059 	 0.004024822964916 	 27.068 	   222.7778 	 51150895140.6649627686 	 0.000000000079900
100 	 20 	 0.000000001145000 	 0.000000000155000 	 0.403980935445643 	 26.178 	  1347.0588 	 873362445.4148471355 	 0.000000000285000
2 	 5 	 0.000000043800000 	 0.000000006746667 	 0.351680607889024 	 13.408 	 31739.1304 	 22831050.2283105031 	 0.000000000005750
5 	 5 	 0.000000036600000 	 0.000000007800000 	 1.016468160153556 	 13.930 	 101666.6667 	 27322404.3715846948 	 0.000000000091500
8 	 5 	 0.000000043600000 	 0.000000007160000 	 1.492905031117835 	 17.250 	 38245.6140 	 22935779.8165137619 	 0.000000000088800
10 	 5 	 0.000000018860000 	 0.000000002613333 	 0.681120544923407 	 21.552 	 12246.7532 	 53022269.3531283066 	 0.000000000101000
15 	 5 	 0.000000011280000 	 0.000000001359333 	 0.531430404757204 	 25.107 	  4272.7273 	 88652482.2695035487 	 0.000000000012800
25 	 5 	 0.000000010160000 	 0.000000001080000 	 0.703708726260152 	 27.625 	  2015.8730 	 98425196.8503937125 	 -0.000000000001750
50 	 5 	 0.000000001170000 	 0.000000000159333 	 0.207637513057008 	 21.220 	  1720.5882 	 854700854.7008547783 	 -0.000000000001450
75 	 5 	 0.000000000000000 	 0.000000000000000 	 0.000000000000000 	 0.000 	     0.0000 	 0.0000000000 	 0.000000000000000
100 	 5 	 0.000000000000000 	 0.000000000000000 	 0.000000000000000 	 0.000 	     0.0000 	 0.0000000000 	 0.000000000000000
2 	 80 	 0.000000000000001 	 0.000000000000002 	 0.000000130316431 	 -11.326 	   120.0000 	 1600000000000000.0000000000 	 0.000000000000300
5 	 80 	 0.000000000000002 	 0.000000000000000 	 0.000000021719405 	 -11.243 	    85.0000 	 533333333333333.3750000000 	 -0.000000000000050
8 	 80 	 0.000000002412500 	 0.000000000487500 	 0.101646816015355 	 13.955 	 551428.5714 	 414507772.0207253695 	 0.000000000162000
10 	 80 	 0.000000000007112 	 0.000000000000818 	 0.000213175961366 	 24.518 	   875.3846 	 140597539543.0579833984 	 0.000000000047600
15 	 80 	 0.000000000435000 	 0.000000000070000 	 0.027366450465673 	 9.298 	  7326.3158 	 2298850574.7126436234 	 0.000000000125000
25 	 80 	 0.000000000117250 	 0.000000000016500 	 0.010751105540086 	 19.116 	  6051.6129 	 8528784648.1876325607 	 0.000000000149000
50 	 80 	 0.000000001201250 	 0.000000000225000 	 0.293211969275063 	 16.780 	 113058.8235 	 832466181.0613943338 	 0.000000000192000
75 	 80 	 0.000000000000000 	 0.000000000000000 	 0.000000000000000 	 0.000 	     0.0000 	 0.0000000000 	 0.000000000000000
100 	 80 	 0.000000001071250 	 0.000000000175000 	 0.456107507761211 	 22.971 	 10023.3918 	 933488914.8191363811 	 0.000000000209000
2 	 20 	 0.000000000000000 	 0.000000000000000 	 0.000000000000000 	 0.000 	     0.0000 	 0.0000000000 	 0.000000000000000
5 	 20 	 0.000000000000000 	 0.000000000000000 	 0.000000000000000 	 0.000 	     0.0000 	 0.0000000000 	 0.000000000000000
8 	 20 	 0.000000005400000 	 0.000000000600000 	 0.125103773557360 	 25.069 	 1080000.0000 	 185185185.1851851940 	 0.000000000006850
10 	 20 	 0.000000000000000 	 0.000000000000000 	 0.000000000000000 	 0.000 	     0.0000 	 0.0000000000 	 0.000000000000000
15 	 20 	 0.000000017300000 	 0.000000003133333 	 1.224974449415822 	 11.149 	 1384000.0000 	 57803468.2080924883 	 0.000000000136000
25 	 20 	 0.000000000179000 	 0.000000000010783 	 0.007026227560036 	 24.567 	  8480.0000 	 5586592178.7709503174 	 -0.000000000001300
50 	 20 	 0.000000008550000 	 0.000000000900000 	 1.172847877100253 	 26.640 	  6333.3333 	 116959064.3274853826 	 0.000000000019800
75 	 20 	 0.000000003515000 	 0.000000000573333 	 1.120721304784687 	 19.747 	 10188.4058 	 284495021.3371266127 	 0.000000000034800
100 	 20 	 0.000000001830000 	 0.000000000285000 	 0.742803655496827 	 24.796 	  3075.6303 	 546448087.4316940308 	 0.000000000046800
2 	 5 	 0.000000000000000 	 0.000000000000000 	 0.000000000000000 	 0.000 	     0.0000 	 0.0000000000 	 0.000000000000000
5 	 5 	 -0.000000000000050 	 0.000000000000003 	 0.000000434388103 	 -11.258 	   182.0000 	 -20000000000000.0000000000 	 -0.000000000002650
8 	 5 	 0.000000037400000 	 0.000000006706667 	 1.398382179985607 	 15.859 	 1246666.6667 	 26737967.9144385047 	 0.000000000022500
10 	 5 	 0.000000006540000 	 0.000000000580000 	 0.151167059715144 	 29.594 	 18685.7143 	 152905198.7767584026 	 0.000000000014400
15 	 5 	 0.000000028000000 	 0.000000002600000 	 1.016468160153554 	 29.494 	  7821.2291 	 35714285.7142857164 	 0.000000000006850
25 	 5 	 0.000000014920000 	 0.000000002800000 	 1.824430031044839 	 18.746 	 11303.0303 	 67024128.6863270700 	 0.000000000000750
50 	 5 	 0.000000001612000 	 0.000000000168000 	 0.218931603725381 	 28.679 	   159.6040 	 620347394.5409429073 	 0.000000000026500
75 	 5 	 0.000000000242000 	 0.000000000027027 	 0.052830281041827 	 26.777 	   654.0541 	 4132231404.9586777687 	 0.000000000000700
100 	 5 	 0.000000002080000 	 0.000000000240000 	 0.625518867786803 	 30.241 	  7172.4138 	 480769230.7692307234 	 0.000000000141000
2 	 80 	 0.000000005812500 	 0.000000001125000 	 0.058642393855013 	 8.663 	 9300000.0000 	 172043010.7526881695 	 0.000000000001100
5 	 80 	 0.000000002062500 	 0.000000000380000 	 0.049520243699788 	 17.839 	 412500.0000 	 484848484.8484848738 	 0.000000000000750
8 	 80 	 0.000000002837500 	 0.000000000505833 	 0.105469431318497 	 16.961 	 51590.9091 	 352422907.4889867902 	 0.000000000034700
10 	 80 	 0.000000001637500 	 0.000000000252500 	 0.065809797548403 	 20.928 	 16687.8981 	 610687022.9007633924 	 0.000000000014300
15 	 80 	 0.000000000000000 	 0.000000000000000 	 0.000000000000000 	 0.000 	     0.0000 	 0.0000000000 	 0.000000000000000
25 	 80 	 0.000000001275000 	 0.000000000125000 	 0.081447769243073 	 29.096 	  4903.8462 	 784313725.4901959896 	 0.000000000006150
50 	 80 	 0.000000001637500 	 0.000000000175000 	 0.228053753880605 	 28.334 	  3659.2179 	 610687022.9007633924 	 -0.000000000001850
75 	 80 	 0.000000000402500 	 0.000000000042500 	 0.083076724627935 	 30.256 	  1504.6729 	 2484472049.6894412041 	 0.000000000005100
100 	 80 	 0.000000000242500 	 0.000000000030000 	 0.078189858473350 	 29.641 	  1763.6364 	 4123711340.2061862946 	 -0.000000000003050
2 	 20 	 0.000000008000000 	 0.000000001476667 	 0.076973571785987 	 11.784 	 27826.0870 	 125000000.0000000000 	 -0.000000000003450
5 	 20 	 0.000000014200000 	 0.000000002250000 	 0.293211969275064 	 18.889 	 631111.1111 	 70422535.2112676054 	 0.000000000007750
8 	 20 	 0.000000009200000 	 0.000000001570000 	 0.327354874141760 	 17.528 	 34392.5234 	 108695652.1739130467 	 0.000000000019400
10 	 20 	 0.000000008300000 	 0.000000001500000 	 0.390949292366751 	 17.210 	 17382.1990 	 120481927.7108433694 	 0.000000000133000
15 	 20 	 0.000000004155000 	 0.000000000653333 	 0.255420204346278 	 22.293 	  6925.0000 	 240673886.8832731545 	 0.000000000002700
25 	 20 	 0.000000001740000 	 0.000000000185000 	 0.120542698479748 	 28.202 	  2784.0000 	 574712643.6781609058 	 0.000000000014600
50 	 20 	 0.000000002360000 	 0.000000000265000 	 0.345338541590631 	 27.130 	  1148.4185 	 423728813.5593220592 	 0.000000000002200
75 	 20 	 0.000000000815000 	 0.000000000109667 	 0.214370528647769 	 25.826 	   799.0196 	 1226993865.0306746960 	 0.000000000006800
100 	 20 	 0.000000000000000 	 0.000000000000000 	 0.000000000000000 	 0.000 	     0.0000 	 0.0000000000 	 0.000000000000000
2 	 5 	 0.000000163600000 	 0.000000032200000 	 1.678475628561253 	 6.865 	 124885.4962 	 6112469.4376528114 	 0.000000000004900
5 	 5 	 0.000000056400000 	 0.000000010040000 	 1.308376965120727 	 13.018 	 940000.0000 	 17730496.4539007060 	 0.000000000001600
8 	 5 	 0.000000043800000 	 0.000000006386667 	 1.331660167421681 	 18.720 	 40934.5794 	 22831050.2283105031 	 0.000000000005350
10 	 5 	 0.000000033600000 	 0.000000006000000 	 1.563797169467002 	 17.727 	 20869.5652 	 29761904.7619047612 	 0.000000000008700
15 	 5 	 0.000000021200000 	 0.000000002000000 	 0.781898584733502 	 29.080 	  7361.1111 	 47169811.3207547218 	 0.000000000002500
25 	 5 	 0.000000003360000 	 0.000000000436000 	 0.284089819119839 	 19.008 	   857.1429 	 297619047.6190475821 	 -0.000000000002950
50 	 5 	 0.000000000000000 	 0.000000000000000 	 0.000000000000000 	 0.000 	     0.0000 	 0.0000000000 	 0.000000000000000
75 	 5 	 0.000000000000000 	 0.000000000000000 	 0.000000000000000 	 0.000 	     0.0000 	 0.0000000000 	 0.000000000000000
100 	 5 	 0.000000000156800 	 0.000000000011873 	 0.030945808431342 	 27.666 	 15680.0000 	 6377551020.4081630707 	 0.000000000003450
