Length (um) 	 Width (um) 	 Drain Current (A/um) 	 Transconductance_Max(S/um) 	 Mobility (cm2/V-s) 	 Threshold (V) 	 OnOff 	 R_total (ohm-um) 	 Gate Leakage (A)
2 	 80 	 0.000000000000000 	 0.000000000000000 	 0.000000000000000 	 0.000 	     0.0000 	 0.0000000000 	 0.000000000000000
5 	 80 	 0.000000000000000 	 0.000000000000000 	 0.000000000000000 	 0.000 	     0.0000 	 0.0000000000 	 0.000000000000000
8 	 80 	 0.000000000000000 	 0.000000000000000 	 0.000000000000000 	 0.000 	     0.0000 	 0.0000000000 	 0.000000000000000
10 	 80 	 0.000000000009450 	 0.000000000001433 	 0.000373526664553 	 40.383 	     8.0683 	 105820105820.1058197021 	 0.000000001080000
15 	 80 	 0.000000000000000 	 0.000000000000000 	 0.000000000000000 	 0.000 	     0.0000 	 0.0000000000 	 0.000000000000000
25 	 80 	 0.000000000010262 	 0.000000000001035 	 0.000674243633247 	 39.857 	     9.3508 	 97442143727.1620025635 	 0.000000001240000
50 	 80 	 0.000000000000000 	 0.000000000000000 	 0.000000000000000 	 0.000 	     0.0000 	 0.0000000000 	 0.000000000000000
75 	 80 	 0.000000000000000 	 0.000000000000000 	 0.000000000000000 	 0.000 	     0.0000 	 0.0000000000 	 0.000000000000000
100 	 80 	 0.000000000000000 	 0.000000000000000 	 0.000000000000000 	 0.000 	     0.0000 	 0.0000000000 	 0.000000000000000
2 	 20 	 0.000000002040000 	 0.000000000185004 	 0.009643622675149 	 40.664 	   121.0682 	 490196078.4313725829 	 0.000000031800000
5 	 20 	 0.000000000000000 	 0.000000000000000 	 0.000000000000000 	 0.000 	     0.0000 	 0.0000000000 	 0.000000000000000
8 	 20 	 0.000000000161000 	 0.000000000023129 	 0.004822500660139 	 37.656 	    29.2727 	 6211180124.2236022949 	 0.000000000672000
10 	 20 	 0.000000000187000 	 0.000000000028246 	 0.007361964987176 	 41.326 	    42.5484 	 5347593582.8877010345 	 0.000000000748000
15 	 20 	 0.000000000005950 	 0.000000000000856 	 0.000334493774347 	 45.786 	     1.0000 	 168067226890.7562866211 	 0.000000001470000
25 	 20 	 0.000000000000000 	 0.000000000000000 	 0.000000000000000 	 0.000 	     0.0000 	 0.0000000000 	 0.000000000000000
50 	 20 	 0.000000000000000 	 0.000000000000000 	 0.000000000000000 	 0.000 	     0.0000 	 0.0000000000 	 0.000000000000000
75 	 20 	 0.000000000000000 	 0.000000000000000 	 0.000000000000000 	 0.000 	     0.0000 	 0.0000000000 	 0.000000000000000
100 	 20 	 0.000000000016700 	 0.000000000002412 	 0.006286621786802 	 43.165 	     1.0000 	 59880239520.9580917358 	 0.000000000367000
2 	 5 	 0.000000000018260 	 0.000000000042528 	 0.002216861366925 	 -2.799 	   913.0000 	 54764512595.8378982544 	 0.000000000315000
5 	 5 	 0.000000000298000 	 0.000000000044221 	 0.005762736637902 	 39.997 	    14.3269 	 3355704697.9865770340 	 0.000000000483000
8 	 5 	 0.000000000230000 	 0.000000000032584 	 0.006793963194158 	 46.962 	     9.0551 	 4347826086.9565219879 	 0.000000000376000
10 	 5 	 0.000000000306000 	 0.000000000034911 	 0.009099057849319 	 50.739 	     8.2258 	 3267973856.2091498375 	 0.000000000561000
15 	 5 	 0.000000000000000 	 0.000000000000000 	 0.000000000000000 	 0.000 	     0.0000 	 0.0000000000 	 0.000000000000000
25 	 5 	 0.000000000000000 	 0.000000000000000 	 0.000000000000000 	 0.000 	     0.0000 	 0.0000000000 	 0.000000000000000
50 	 5 	 0.000000000000000 	 0.000000000000000 	 0.000000000000000 	 0.000 	     0.0000 	 0.0000000000 	 0.000000000000000
75 	 5 	 0.000000000010880 	 0.000000000001814 	 0.003546564593541 	 33.215 	     1.0000 	 91911764705.8823547363 	 0.000000000327000
100 	 5 	 0.000000000041400 	 0.000000000004718 	 0.012296135902738 	 43.832 	     1.0000 	 24154589371.9806747437 	 0.000000000312000
2 	 80 	 0.000000000907500 	 0.000000000035672 	 0.001859447617313 	 34.533 	   153.8136 	 1101928374.6556475163 	 0.000000022400000
5 	 80 	 0.000000000000000 	 0.000000000000000 	 0.000000000000000 	 0.000 	     0.0000 	 0.0000000000 	 0.000000000000000
8 	 80 	 0.000000000000000 	 0.000000000000000 	 0.000000000000000 	 0.000 	     0.0000 	 0.0000000000 	 0.000000000000000
10 	 80 	 0.000000000000000 	 0.000000000000000 	 0.000000000000000 	 0.000 	     0.0000 	 0.0000000000 	 0.000000000000000
15 	 80 	 0.000000000000000 	 0.000000000000000 	 0.000000000000000 	 0.000 	     0.0000 	 0.0000000000 	 0.000000000000000
25 	 80 	 0.000000000083375 	 0.000000000012384 	 0.008069382268832 	 42.551 	    72.6580 	 11994002998.5007495880 	 0.000000000715000
50 	 80 	 0.000000000000000 	 0.000000000000000 	 0.000000000000000 	 0.000 	     0.0000 	 0.0000000000 	 0.000000000000000
75 	 80 	 0.000000000053750 	 0.000000000006526 	 0.012756775706360 	 44.601 	    33.5938 	 18604651162.7906990051 	 0.000000001110000
100 	 80 	 0.000000000017000 	 0.000000000001805 	 0.004704626501636 	 42.925 	    10.8800 	 58823529411.7647094727 	 0.000000000764000
2 	 20 	 0.000000000000000 	 0.000000000000000 	 0.000000000000000 	 0.000 	     0.0000 	 0.0000000000 	 0.000000000000000
5 	 20 	 0.000000002590000 	 0.000000000211055 	 0.027503970317259 	 51.376 	   223.2759 	 386100386.1003860831 	 0.000000010100000
8 	 20 	 0.000000000570000 	 0.000000000083311 	 0.017370928621427 	 39.510 	    98.2759 	 1754385964.9122807980 	 0.000000000767000
10 	 20 	 0.000000000360000 	 0.000000000076699 	 0.019990354365928 	 40.580 	    56.2500 	 2777777777.7777776718 	 0.000000000699000
15 	 20 	 0.000000000550000 	 0.000000000067971 	 0.026573384855397 	 48.751 	    80.8824 	 1818181818.1818184853 	 0.000000003590000
25 	 20 	 0.000000000210500 	 0.000000000022163 	 0.014441307722972 	 49.495 	    29.8582 	 4750593824.2280282974 	 0.000000000978000
50 	 20 	 0.000000000108000 	 0.000000000009415 	 0.012269941645293 	 44.841 	    20.3774 	 9259259259.2592601776 	 0.000000000731000
75 	 20 	 0.000000000062000 	 0.000000000007794 	 0.015235751978376 	 47.826 	    11.4815 	 16129032258.0645160675 	 0.000000000930000
100 	 20 	 0.000000000000000 	 0.000000000000000 	 0.000000000000000 	 0.000 	     0.0000 	 0.0000000000 	 0.000000000000000
2 	 5 	 0.000000000000000 	 0.000000000000000 	 0.000000000000000 	 0.000 	     0.0000 	 0.0000000000 	 0.000000000000000
5 	 5 	 0.000000001456000 	 0.000000000208410 	 0.027159309035088 	 39.341 	    94.5455 	 686813186.8131868839 	 0.000000001020000
8 	 5 	 0.000000000034400 	 0.000000000004316 	 0.000899979540005 	 39.938 	     1.0000 	 29069767441.8604660034 	 0.000000000467000
10 	 5 	 0.000000000000000 	 0.000000000000000 	 0.000000000000000 	 0.000 	     0.0000 	 0.0000000000 	 0.000000000000000
15 	 5 	 0.000000000356000 	 0.000000000038191 	 0.014930726743655 	 51.172 	    12.8986 	 2808988764.0449433327 	 0.000000001510000
25 	 5 	 0.000000000284000 	 0.000000000046443 	 0.030261260574628 	 46.281 	    11.9328 	 3521126760.5633802414 	 0.000000000640000
50 	 5 	 0.000000000000000 	 0.000000000000000 	 0.000000000000000 	 0.000 	     0.0000 	 0.0000000000 	 0.000000000000000
75 	 5 	 0.000000000027600 	 0.000000000003249 	 0.006350728785286 	 43.778 	     1.0000 	 36231884057.9710235596 	 0.000000000520000
100 	 5 	 0.000000000032600 	 0.000000000004030 	 0.010502518590320 	 43.995 	     1.0000 	 30674846625.7668685913 	 0.000000000307000
2 	 80 	 0.000000000000000 	 0.000000000000000 	 0.000000000000000 	 0.000 	     0.0000 	 0.0000000000 	 0.000000000000000
5 	 80 	 0.000000000227500 	 0.000000000036333 	 0.004734784363826 	 33.110 	   163.9640 	 4395604395.6043949127 	 0.000000001960000
8 	 80 	 0.000000000000000 	 0.000000000000000 	 0.000000000000000 	 0.000 	     0.0000 	 0.0000000000 	 0.000000000000000
10 	 80 	 0.000000000000000 	 0.000000000000000 	 0.000000000000000 	 0.000 	     0.0000 	 0.0000000000 	 0.000000000000000
15 	 80 	 0.000000000000000 	 0.000000000000000 	 0.000000000000000 	 0.000 	     0.0000 	 0.0000000000 	 0.000000000000000
25 	 80 	 0.000000000412500 	 0.000000000045226 	 0.029468539625635 	 50.171 	   211.5385 	 2424242424.2424244881 	 0.000000016500000
50 	 80 	 0.000000000000000 	 0.000000000000000 	 0.000000000000000 	 0.000 	     0.0000 	 0.0000000000 	 0.000000000000000
75 	 80 	 0.000000000000000 	 0.000000000000000 	 0.000000000000000 	 0.000 	     0.0000 	 0.0000000000 	 0.000000000000000
100 	 80 	 0.000000000000000 	 0.000000000000000 	 0.000000000000000 	 0.000 	     0.0000 	 0.0000000000 	 0.000000000000000
2 	 20 	 0.000000006850000 	 0.000000000777572 	 0.040532166783329 	 42.221 	   299.1266 	 145985401.4598540068 	 0.000000047200000
5 	 20 	 0.000000001165000 	 0.000000000130653 	 0.017026267339256 	 47.189 	   115.9204 	 858369098.7124464512 	 0.000000010000000
8 	 20 	 0.000000000000000 	 0.000000000000000 	 0.000000000000000 	 0.000 	     0.0000 	 0.0000000000 	 0.000000000000000
10 	 20 	 0.000000000000000 	 0.000000000000000 	 0.000000000000000 	 0.000 	     0.0000 	 0.0000000000 	 0.000000000000000
15 	 20 	 0.000000000148000 	 0.000000000020127 	 0.007868617071968 	 43.140 	    28.7379 	 6756756756.7567558289 	 0.000000000808000
25 	 20 	 0.000000000000000 	 0.000000000000000 	 0.000000000000000 	 0.000 	     0.0000 	 0.0000000000 	 0.000000000000000
50 	 20 	 0.000000000113000 	 0.000000000014732 	 0.019197633416934 	 48.315 	    17.6562 	 8849557522.1238937378 	 0.000000001980000
75 	 20 	 0.000000000000000 	 0.000000000000000 	 0.000000000000000 	 0.000 	     0.0000 	 0.0000000000 	 0.000000000000000
100 	 20 	 0.000000000000000 	 0.000000000000000 	 0.000000000000000 	 0.000 	     0.0000 	 0.0000000000 	 0.000000000000000
2 	 5 	 0.000000000000000 	 0.000000000000000 	 0.000000000000000 	 0.000 	     0.0000 	 0.0000000000 	 0.000000000000000
5 	 5 	 0.000000000374000 	 0.000000000056387 	 0.007348178535889 	 38.709 	    20.3704 	 2673796791.4438505173 	 0.000000000714000
8 	 5 	 0.000000000852000 	 0.000000000086432 	 0.018021649122166 	 49.788 	    24.6243 	 1173708920.1877934933 	 0.000000001100000
10 	 5 	 0.000000000208000 	 0.000000000044538 	 0.011608191983525 	 44.418 	     9.2035 	 4807692307.6923074722 	 0.000000000440000
15 	 5 	 0.000000000086200 	 0.000000000008062 	 0.003151789560942 	 44.173 	     1.0000 	 11600928074.2459392548 	 0.000000000483000
25 	 5 	 0.000000000000000 	 0.000000000000000 	 0.000000000000000 	 0.000 	     0.0000 	 0.0000000000 	 0.000000000000000
50 	 5 	 0.000000000000000 	 0.000000000000000 	 0.000000000000000 	 0.000 	     0.0000 	 0.0000000000 	 0.000000000000000
75 	 5 	 0.000000000000120 	 0.000000000000792 	 0.001547873818231 	 -8.845 	   649.0000 	 8333333333333.3339843750 	 0.000000000148000
100 	 5 	 0.000000000000000 	 0.000000000000000 	 0.000000000000000 	 0.000 	     0.0000 	 0.0000000000 	 0.000000000000000
2 	 80 	 0.000000000000000 	 0.000000000000000 	 0.000000000000000 	 0.000 	     0.0000 	 0.0000000000 	 0.000000000000000
5 	 80 	 0.000000000000000 	 0.000000000000000 	 0.000000000000000 	 0.000 	     0.0000 	 0.0000000000 	 0.000000000000000
8 	 80 	 0.000000000000000 	 0.000000000000000 	 0.000000000000000 	 0.000 	     0.0000 	 0.0000000000 	 0.000000000000000
10 	 80 	 0.000000000000000 	 0.000000000000000 	 0.000000000000000 	 0.000 	     0.0000 	 0.0000000000 	 0.000000000000000
15 	 80 	 0.000000000000000 	 0.000000000000000 	 0.000000000000000 	 0.000 	     0.0000 	 0.0000000000 	 0.000000000000000
25 	 80 	 0.000000000000000 	 0.000000000000000 	 0.000000000000000 	 0.000 	     0.0000 	 0.0000000000 	 0.000000000000000
50 	 80 	 0.000000000000000 	 0.000000000000000 	 0.000000000000000 	 0.000 	     0.0000 	 0.0000000000 	 0.000000000000000
75 	 80 	 0.000000000000000 	 0.000000000000000 	 0.000000000000000 	 0.000 	     0.0000 	 0.0000000000 	 0.000000000000000
100 	 80 	 0.000000000000000 	 0.000000000000000 	 0.000000000000000 	 0.000 	     0.0000 	 0.0000000000 	 0.000000000000000
2 	 20 	 0.000000000000000 	 0.000000000000000 	 0.000000000000000 	 0.000 	     0.0000 	 0.0000000000 	 0.000000000000000
5 	 20 	 0.000000000890000 	 0.000000000126025 	 0.016423110095456 	 34.776 	   182.7515 	 1123595505.6179776192 	 0.000000001090000
8 	 20 	 0.000000001010000 	 0.000000000123512 	 0.025753091003830 	 46.957 	   101.4925 	 990099009.9009901285 	 0.000000004440000
10 	 20 	 0.000000000000000 	 0.000000000000000 	 0.000000000000000 	 0.000 	     0.0000 	 0.0000000000 	 0.000000000000000
15 	 20 	 0.000000000000000 	 0.000000000000000 	 0.000000000000000 	 0.000 	     0.0000 	 0.0000000000 	 0.000000000000000
25 	 20 	 0.000000000168000 	 0.000000000019228 	 0.012528437606922 	 44.462 	    31.1111 	 5952380952.3809528351 	 0.000000001050000
50 	 20 	 0.000000000020550 	 0.000000000001452 	 0.001892190439120 	 46.256 	     1.0000 	 48661800486.6180038452 	 0.000000000456000
75 	 20 	 0.000000000025200 	 0.000000000003519 	 0.006878577538931 	 45.840 	     5.5938 	 39682539682.5396804810 	 0.000000000755000
100 	 20 	 0.000000000000000 	 0.000000000000000 	 0.000000000000000 	 0.000 	     0.0000 	 0.0000000000 	 0.000000000000000
2 	 5 	 0.000000005000000 	 0.000000000329013 	 0.017150345400837 	 49.321 	    59.6659 	 200000000.0000000000 	 0.000000014900000
5 	 5 	 0.000000000682000 	 0.000000000078498 	 0.010229546854840 	 35.322 	    35.8947 	 1466275659.8240468502 	 0.000000000653000
8 	 5 	 0.000000000300000 	 0.000000000046231 	 0.009639486739763 	 42.022 	    12.5000 	 3333333333.3333330154 	 0.000000000602000
10 	 5 	 0.000000000370000 	 0.000000000054271 	 0.014144899020305 	 44.532 	    18.3168 	 2702702702.7027029991 	 0.000000000679000
15 	 5 	 0.000000000089000 	 0.000000000009492 	 0.003710761228368 	 48.355 	     1.0000 	 11235955056.1797733307 	 0.000000000394000
25 	 5 	 0.000000000117200 	 0.000000000012790 	 0.008333909802899 	 49.865 	     1.0000 	 8532423208.1911258698 	 0.000000000516000
50 	 5 	 0.000000000000000 	 0.000000000000000 	 0.000000000000000 	 0.000 	     0.0000 	 0.0000000000 	 0.000000000000000
75 	 5 	 0.000000000000000 	 0.000000000000000 	 0.000000000000000 	 0.000 	     0.0000 	 0.0000000000 	 0.000000000000000
100 	 5 	 0.000000000020000 	 0.000000000003428 	 0.008933620433877 	 37.011 	     1.0000 	 50000000000.0000000000 	 0.000000000311000
2 	 80 	 0.000000010837500 	 0.000000001017588 	 0.053043371326143 	 50.250 	   933.2616 	 92272202.9988466054 	 0.000000152000000
5 	 80 	 -0.000000000000328 	 0.000000000001798 	 0.000234283506556 	 -10.035 	   192.5000 	 -3053435114503.8164062500 	 0.000000000189000
8 	 80 	 0.000000000000000 	 0.000000000000000 	 0.000000000000000 	 0.000 	     0.0000 	 0.0000000000 	 0.000000000000000
10 	 80 	 0.000000000011200 	 0.000000000001217 	 0.000317260710239 	 42.248 	    11.5315 	 89285714285.7142791748 	 0.000000003070000
15 	 80 	 0.000000000000000 	 0.000000000000000 	 0.000000000000000 	 0.000 	     0.0000 	 0.0000000000 	 0.000000000000000
25 	 80 	 0.000000000000000 	 0.000000000000000 	 0.000000000000000 	 0.000 	     0.0000 	 0.0000000000 	 0.000000000000000
50 	 80 	 0.000000000000000 	 0.000000000000000 	 0.000000000000000 	 0.000 	     0.0000 	 0.0000000000 	 0.000000000000000
75 	 80 	 0.000000000000000 	 0.000000000000000 	 0.000000000000000 	 0.000 	     0.0000 	 0.0000000000 	 0.000000000000000
100 	 80 	 0.000000000025125 	 0.000000000003118 	 0.008125389727185 	 42.287 	    18.9623 	 39800995024.8756256104 	 0.000000000656000
2 	 20 	 0.000000000000000 	 0.000000000000000 	 0.000000000000000 	 0.000 	     0.0000 	 0.0000000000 	 0.000000000000000
5 	 20 	 0.000000000500000 	 0.000000000047501 	 0.006190116627794 	 38.848 	    93.4579 	 2000000000.0000000000 	 0.000000007320000
8 	 20 	 0.000000000247000 	 0.000000000021973 	 0.004581513491645 	 39.835 	    34.3056 	 4048582995.9514169693 	 0.000000016900000
10 	 20 	 0.000050005000000 	 0.000000001057921 	 0.275729025736941 	 -10.084 	     1.0005 	 19998.0001999800 	 0.000000000269000
15 	 20 	 0.000000000246000 	 0.000000000023317 	 0.009115601590863 	 42.216 	    32.1569 	 4065040650.4065036774 	 0.000000088000000
25 	 20 	 0.000000000301000 	 0.000000000030397 	 0.019805960579966 	 44.216 	     1.0000 	 3322259136.2126245499 	 0.000000003310000
50 	 20 	 0.000000000000000 	 0.000000000000000 	 0.000000000000000 	 0.000 	     0.0000 	 0.0000000000 	 0.000000000000000
75 	 20 	 0.000000000000000 	 0.000000000000000 	 0.000000000000000 	 0.000 	     0.0000 	 0.0000000000 	 0.000000000000000
100 	 20 	 0.000000000000000 	 0.000000000000000 	 0.000000000000000 	 0.000 	     0.0000 	 0.0000000000 	 0.000000000000000
2 	 5 	 0.000000003680000 	 0.000000000478180 	 0.024925903926619 	 46.705 	    88.8889 	 271739130.4347826242 	 0.000000037900000
5 	 5 	 0.000000000000000 	 0.000000000000000 	 0.000000000000000 	 0.000 	     0.0000 	 0.0000000000 	 0.000000000000000
8 	 5 	 0.000000000000000 	 0.000000000000000 	 0.000000000000000 	 0.000 	     0.0000 	 0.0000000000 	 0.000000000000000
10 	 5 	 0.000199980000000 	 0.000000002644803 	 0.689322564342715 	 -10.296 	     1.0003 	 5000.5000500050 	 0.000000000257000
15 	 5 	 0.000000000000000 	 0.000000000000000 	 0.000000000000000 	 0.000 	     0.0000 	 0.0000000000 	 0.000000000000000
25 	 5 	 0.000000000000000 	 0.000000000000000 	 0.000000000000000 	 0.000 	     0.0000 	 0.0000000000 	 0.000000000000000
50 	 5 	 0.000000000000000 	 0.000000000000000 	 0.000000000000000 	 0.000 	     0.0000 	 0.0000000000 	 0.000000000000000
75 	 5 	 0.000000000000000 	 0.000000000000000 	 0.000000000000000 	 0.000 	     0.0000 	 0.0000000000 	 0.000000000000000
100 	 5 	 0.000000000000000 	 0.000000000000000 	 0.000000000000000 	 0.000 	     0.0000 	 0.0000000000 	 0.000000000000000
2 	 80 	 0.000000000000000 	 0.000000000000000 	 0.000000000000000 	 0.000 	     0.0000 	 0.0000000000 	 0.000000000000000
5 	 80 	 0.000000000000000 	 0.000000000000000 	 0.000000000000000 	 0.000 	     0.0000 	 0.0000000000 	 0.000000000000000
8 	 80 	 0.000000000013625 	 0.000000000001429 	 0.000297994144565 	 41.826 	     5.5051 	 73394495412.8440399170 	 0.000000003860000
10 	 80 	 0.000000000000000 	 0.000000000000000 	 0.000000000000000 	 0.000 	     0.0000 	 0.0000000000 	 0.000000000000000
15 	 80 	 0.000000000000000 	 0.000000000000000 	 0.000000000000000 	 0.000 	     0.0000 	 0.0000000000 	 0.000000000000000
25 	 80 	 0.000000000022750 	 0.000000000002176 	 0.001417634936230 	 41.141 	    23.2737 	 43956043956.0439605713 	 0.000000000763000
50 	 80 	 0.000000000007062 	 0.000000000000848 	 0.001105544145224 	 38.558 	     8.2966 	 141592920353.9822998047 	 0.000000000404000
75 	 80 	 0.000000000000000 	 0.000000000000000 	 0.000000000000000 	 0.000 	     0.0000 	 0.0000000000 	 0.000000000000000
100 	 80 	 0.000000000023500 	 0.000000000003458 	 0.009012892528776 	 44.340 	    15.6667 	 42553191489.3617019653 	 0.000000000768000
2 	 20 	 0.000000004865000 	 0.000000000366834 	 0.019121807934856 	 43.837 	   452.7778 	 205549845.8376156092 	 0.000000080100000
5 	 20 	 0.000000000000000 	 0.000000000000000 	 0.000000000000000 	 0.000 	     0.0000 	 0.0000000000 	 0.000000000000000
8 	 20 	 0.000000000000000 	 0.000000000000000 	 0.000000000000000 	 0.000 	     0.0000 	 0.0000000000 	 0.000000000000000
10 	 20 	 0.000000000525000 	 0.000000000067178 	 0.017508793134295 	 47.678 	    69.0789 	 1904761904.7619047165 	 0.000000000426000
15 	 20 	 0.000000000000000 	 0.000000000000000 	 0.000000000000000 	 0.000 	     0.0000 	 0.0000000000 	 0.000000000000000
25 	 20 	 0.000000000000000 	 0.000000000000000 	 0.000000000000000 	 0.000 	     0.0000 	 0.0000000000 	 0.000000000000000
50 	 20 	 0.000000000000000 	 0.000000000000000 	 0.000000000000000 	 0.000 	     0.0000 	 0.0000000000 	 0.000000000000000
75 	 20 	 0.000000000037450 	 0.000000000009680 	 0.018921904391197 	 35.897 	     8.8744 	 26702269692.9238967896 	 0.000000000329000
100 	 20 	 0.000000000000000 	 0.000000000000000 	 0.000000000000000 	 0.000 	     0.0000 	 0.0000000000 	 0.000000000000000
2 	 5 	 0.000000003220000 	 0.000000000305739 	 0.015937137687595 	 32.041 	    66.5289 	 310559006.2111801505 	 0.000000001400000
5 	 5 	 0.000000000592000 	 0.000000000057868 	 0.007541188853905 	 43.666 	    24.8739 	 1689189189.1891889572 	 0.000000000613000
8 	 5 	 0.000000000346000 	 0.000000000050886 	 0.010610052910357 	 40.699 	    14.0650 	 2890173410.4046244621 	 0.000000000551000
10 	 5 	 0.000000000416000 	 0.000000000054271 	 0.014144899020305 	 43.025 	    16.2500 	 2403846153.8461537361 	 0.000000000526000
15 	 5 	 0.000000002180000 	 0.000000000402010 	 0.157165544670052 	 43.537 	   104.8077 	 458715596.3302752376 	 0.000000000615000
25 	 5 	 -0.000000000001680 	 0.000000000026131 	 0.017026267339256 	 -9.829 	   336.0000 	 -595238095238.0952148438 	 0.000000000172000
50 	 5 	 0.000000000000000 	 0.000000000000000 	 0.000000000000000 	 0.000 	     0.0000 	 0.0000000000 	 0.000000000000000
75 	 5 	 0.000000000034800 	 0.000000000005364 	 0.010484596203647 	 38.507 	     1.0000 	 28735632183.9080467224 	 0.000000000348000
100 	 5 	 0.000000000038200 	 0.000000000004507 	 0.011746056496393 	 44.712 	     1.0000 	 26178010471.2041854858 	 0.000000000356000
2 	 80 	 0.000000002525000 	 0.000000000265141 	 0.013820917415064 	 49.298 	   241.9162 	 396039603.9603960514 	 0.000000308000000
5 	 80 	 0.000000000000000 	 0.000000000000000 	 0.000000000000000 	 0.000 	     0.0000 	 0.0000000000 	 0.000000000000000
8 	 80 	 0.000000000140000 	 0.000000000021787 	 0.004542635699016 	 41.530 	    65.4971 	 7142857142.8571424484 	 0.000000001240000
10 	 80 	 0.000000000000000 	 0.000000000000000 	 0.000000000000000 	 0.000 	     0.0000 	 0.0000000000 	 0.000000000000000
15 	 80 	 0.000000000000000 	 0.000000000000000 	 0.000000000000000 	 0.000 	     0.0000 	 0.0000000000 	 0.000000000000000
25 	 80 	 0.000000000000000 	 0.000000000000000 	 0.000000000000000 	 0.000 	     0.0000 	 0.0000000000 	 0.000000000000000
50 	 80 	 0.000000000000000 	 0.000000000000000 	 0.000000000000000 	 0.000 	     0.0000 	 0.0000000000 	 0.000000000000000
75 	 80 	 0.000000000000000 	 0.000000000000000 	 0.000000000000000 	 0.000 	     0.0000 	 0.0000000000 	 0.000000000000000
100 	 80 	 0.000000000000000 	 0.000000000000000 	 0.000000000000000 	 0.000 	     0.0000 	 0.0000000000 	 0.000000000000000
2 	 20 	 0.000000000000000 	 0.000000000000000 	 0.000000000000000 	 0.000 	     0.0000 	 0.0000000000 	 0.000000000000000
5 	 20 	 0.000000000000000 	 0.000000000000000 	 0.000000000000000 	 0.000 	     0.0000 	 0.0000000000 	 0.000000000000000
8 	 20 	 0.000000000000000 	 0.000000000000000 	 0.000000000000000 	 0.000 	     0.0000 	 0.0000000000 	 0.000000000000000
10 	 20 	 0.000000000000000 	 0.000000000000000 	 0.000000000000000 	 0.000 	     0.0000 	 0.0000000000 	 0.000000000000000
15 	 20 	 0.000000001625000 	 0.000000000211055 	 0.082511910951777 	 43.862 	   250.0000 	 615384615.3846154213 	 0.000000000629000
25 	 20 	 0.000000000000000 	 0.000000000000000 	 0.000000000000000 	 0.000 	     0.0000 	 0.0000000000 	 0.000000000000000
50 	 20 	 0.000000000000000 	 0.000000000000000 	 0.000000000000000 	 0.000 	     0.0000 	 0.0000000000 	 0.000000000000000
75 	 20 	 0.000000000000000 	 0.000000000000000 	 0.000000000000000 	 0.000 	     0.0000 	 0.0000000000 	 0.000000000000000
100 	 20 	 0.000000000048000 	 0.000000000005649 	 0.014723929974352 	 46.345 	     8.7273 	 20833333333.3333320618 	 0.000000000446000
2 	 5 	 0.000000000000000 	 0.000000000000000 	 0.000000000000000 	 0.000 	     0.0000 	 0.0000000000 	 0.000000000000000
5 	 5 	 0.000000000372000 	 0.000000000052367 	 0.006824293386989 	 41.508 	    16.3158 	 2688172043.0107526779 	 0.000000000768000
8 	 5 	 0.000000000588000 	 0.000000000068342 	 0.014249676050085 	 46.892 	    19.3421 	 1700680272.1088433266 	 0.000000000627000
10 	 5 	 0.000000000366000 	 0.000000000046549 	 0.012132077132425 	 45.707 	    15.0000 	 2732240437.1584696770 	 0.000000000559000
15 	 5 	 0.000000000372000 	 0.000000000041259 	 0.016130148005611 	 51.207 	    12.3179 	 2688172043.0107526779 	 0.000000000577000
25 	 5 	 0.000000000110200 	 0.000000000015223 	 0.009919351700886 	 47.338 	     1.0000 	 9074410163.3393840790 	 0.000000000502000
50 	 5 	 0.000000000000000 	 0.000000000000000 	 0.000000000000000 	 0.000 	     0.0000 	 0.0000000000 	 0.000000000000000
75 	 5 	 0.000000000000000 	 0.000000000000000 	 0.000000000000000 	 0.000 	     0.0000 	 0.0000000000 	 0.000000000000000
100 	 5 	 0.000000000000000 	 0.000000000000000 	 0.000000000000000 	 0.000 	     0.0000 	 0.0000000000 	 0.000000000000000
2 	 80 	 0.000000010350000 	 0.000000000891960 	 0.046494806964890 	 45.209 	  1024.6914 	 96618357.4879226983 	 0.000000500000000
5 	 80 	 0.000000000000000 	 0.000000000000000 	 0.000000000000000 	 0.000 	     0.0000 	 0.0000000000 	 0.000000000000000
8 	 80 	 0.000000000030750 	 0.000000000004047 	 0.000843799751011 	 36.207 	    24.1176 	 32520325203.2520294189 	 0.000000001310000
10 	 80 	 0.000000000000000 	 0.000000000000000 	 0.000000000000000 	 0.000 	     0.0000 	 0.0000000000 	 0.000000000000000
15 	 80 	 0.000000000000000 	 0.000000000000000 	 0.000000000000000 	 0.000 	     0.0000 	 0.0000000000 	 0.000000000000000
25 	 80 	 0.000000000000000 	 0.000000000000000 	 0.000000000000000 	 0.000 	     0.0000 	 0.0000000000 	 0.000000000000000
50 	 80 	 0.000000000000000 	 0.000000000000000 	 0.000000000000000 	 0.000 	     0.0000 	 0.0000000000 	 0.000000000000000
75 	 80 	 0.000000000000000 	 0.000000000000000 	 0.000000000000000 	 0.000 	     0.0000 	 0.0000000000 	 0.000000000000000
100 	 80 	 0.000000000000000 	 0.000000000000000 	 0.000000000000000 	 0.000 	     0.0000 	 0.0000000000 	 0.000000000000000
2 	 20 	 0.000000000000000 	 0.000000000000000 	 0.000000000000000 	 0.000 	     0.0000 	 0.0000000000 	 0.000000000000000
5 	 20 	 0.000000000975000 	 0.000000000135678 	 0.017681123775381 	 39.856 	   175.6757 	 1025641025.6410257816 	 0.000000000593000
8 	 20 	 0.000000000000000 	 0.000000000000000 	 0.000000000000000 	 0.000 	     0.0000 	 0.0000000000 	 0.000000000000000
10 	 20 	 0.000000000660000 	 0.000000000067099 	 0.017488113457365 	 43.336 	    89.7959 	 1515151515.1515150070 	 0.000000000609000
15 	 20 	 0.000000000000000 	 0.000000000000000 	 0.000000000000000 	 0.000 	     0.0000 	 0.0000000000 	 0.000000000000000
25 	 20 	 0.000000000000000 	 0.000000000000000 	 0.000000000000000 	 0.000 	     0.0000 	 0.0000000000 	 0.000000000000000
50 	 20 	 0.000000000000000 	 0.000000000000000 	 0.000000000000000 	 0.000 	     0.0000 	 0.0000000000 	 0.000000000000000
75 	 20 	 0.000000000000000 	 0.000000000000000 	 0.000000000000000 	 0.000 	     0.0000 	 0.0000000000 	 0.000000000000000
100 	 20 	 0.000000000000000 	 0.000000000000000 	 0.000000000000000 	 0.000 	     0.0000 	 0.0000000000 	 0.000000000000000
2 	 5 	 0.000000000000000 	 0.000000000000000 	 0.000000000000000 	 0.000 	     0.0000 	 0.0000000000 	 0.000000000000000
5 	 5 	 0.000000000858000 	 0.000000000126845 	 0.016529955092929 	 43.429 	    58.3673 	 1165501165.5011656284 	 0.000000000817000
8 	 5 	 0.000000000748000 	 0.000000000100714 	 0.020999522600125 	 45.223 	    36.3107 	 1336898395.7219252586 	 0.000000001100000
10 	 5 	 0.000000000480000 	 0.000000000072468 	 0.018887438262980 	 47.548 	    13.7931 	 2083333333.3333334923 	 0.000000000837000
15 	 5 	 -0.000000000003960 	 0.000000000023232 	 0.009082514107775 	 -9.519 	   255.7143 	 -252525252525.2525329590 	 0.000000000206000
25 	 5 	 0.000000000146600 	 0.000000000017170 	 0.011187705219276 	 47.931 	     1.0000 	 6821282401.0914049149 	 0.000000000747000
50 	 5 	 0.000000000000000 	 0.000000000000000 	 0.000000000000000 	 0.000 	     0.0000 	 0.0000000000 	 0.000000000000000
75 	 5 	 0.000000000000000 	 0.000000000000000 	 0.000000000000000 	 0.000 	     0.0000 	 0.0000000000 	 0.000000000000000
100 	 5 	 0.000000000001060 	 0.000000000000589 	 0.001535810673355 	 -10.119 	   106.0000 	 943396226415.0944824219 	 0.000000000156000
