Length (um) 	 Width (um) 	 Drain Current (A/um) 	 Transconductance_Max(S/um) 	 Mobility (cm2/V-s) 	 Threshold (V) 	 OnOff 	 R_total (ohm-um) 	 Gate Leakage (A)
2 	 80 	 0.000000000497500 	 0.000000000076038 	 0.003963604744968 	 8.252 	   594.9178 	 2010050251.2562813759 	 0.000000001110000
5 	 80 	 0.000000001512500 	 0.000000000256215 	 0.033389061710332 	 20.887 	  2847.0588 	 661157024.7933883667 	 0.000000000517000
8 	 80 	 0.000000001037500 	 0.000000000172573 	 0.035982637858670 	 24.295 	  1325.8786 	 963855421.6867469549 	 0.000000000556000
10 	 80 	 0.000000000457500 	 0.000000000087278 	 0.022747644623297 	 25.261 	   628.8660 	 2185792349.7267761230 	 0.000000000513000
15 	 80 	 0.000000001450000 	 0.000000000326633 	 0.127697005044418 	 26.356 	  2572.0621 	 689655172.4137930870 	 0.000000000407000
25 	 80 	 0.000000000355000 	 0.000000000064798 	 0.042221007065968 	 29.202 	   337.6932 	 2816901408.4507040977 	 0.000000000600000
50 	 80 	 0.000000000960000 	 0.000000000178855 	 0.233077192068251 	 28.746 	  1002.6110 	 1041666666.6666667461 	 0.000000000647000
75 	 80 	 0.000000000755000 	 0.000000000142158 	 0.277883158750503 	 31.942 	   815.1147 	 1324503311.2582781315 	 0.000000000515000
100 	 80 	 0.000000000482500 	 0.000000000100503 	 0.261942574450087 	 31.348 	   764.3564 	 2072538860.1036267281 	 0.000000001120000
2 	 20 	 0.000000008500000 	 0.000000001307855 	 0.068174001613456 	 17.743 	 73913.0435 	 117647058.8235294223 	 0.000000000391000
5 	 20 	 0.000000008350000 	 0.000000001619942 	 0.211105035329839 	 21.157 	  7455.3571 	 119760479.0419161618 	 0.000000000524000
8 	 20 	 0.000000003095000 	 0.000000000536895 	 0.111945984449194 	 27.176 	  1495.1691 	 323101777.0597738028 	 0.000000000645000
10 	 20 	 0.000000006950000 	 0.000000001457286 	 0.379816732952626 	 25.534 	  2602.9963 	 143884892.0863309503 	 0.000000000569000
15 	 20 	 0.000000000630000 	 0.000000000113991 	 0.044564703784732 	 33.065 	   149.1124 	 1587301587.3015871048 	 0.000000000467000
25 	 20 	 0.000000005100000 	 0.000000000954774 	 0.622113614318958 	 27.707 	  2094.4559 	 196078431.3725489974 	 0.000000000516000
50 	 20 	 0.000000002885000 	 0.000000000271357 	 0.353622475507618 	 44.856 	   349.6970 	 346620450.6065858006 	 0.000000000499000
75 	 20 	 0.000000001665000 	 0.000000000251256 	 0.491142327093910 	 34.451 	   448.1830 	 600600600.6006006002 	 0.000000000669000
100 	 20 	 0.000000001980000 	 0.000000000452261 	 1.178741585025392 	 34.572 	   440.9800 	 505050505.0505051017 	 0.000000001030000
2 	 5 	 0.000000057600000 	 0.000000010790796 	 0.562487212503342 	 10.645 	 2880000.0000 	 17361111.1111111119 	 0.000000000354000
5 	 5 	 0.000000029400000 	 0.000000002613065 	 0.340525346785113 	 33.245 	  1235.2941 	 34013605.4421768710 	 0.000000000449000
8 	 5 	 0.000000000000000 	 0.000000000000000 	 0.000000000000000 	 0.000 	     0.0000 	 0.0000000000 	 0.000000000000000
10 	 5 	 0.000000042600000 	 0.000000003152605 	 0.821672496696062 	 50.184 	  1392.1569 	 23474178.4037558697 	 0.000000000532000
15 	 5 	 0.000000025000000 	 0.000000005628141 	 2.200317625380733 	 24.963 	  1750.7003 	 40000000.0000000000 	 0.000000000407000
25 	 5 	 0.000000008000000 	 0.000000001555144 	 1.013304169583223 	 26.091 	   256.4103 	 125000000.0000000000 	 0.000000000441000
50 	 5 	 0.000000002260000 	 0.000000000431632 	 0.562487212503343 	 30.708 	   134.0451 	 442477876.1061947346 	 0.000000000391000
75 	 5 	 0.000000001776000 	 0.000000000201005 	 0.392913861675132 	 40.610 	    86.2136 	 563063063.0630630255 	 0.000000000412000
100 	 5 	 0.000000001930000 	 0.000000000312087 	 0.813400625923950 	 37.436 	    83.9130 	 518134715.0259066820 	 0.000000000415000
2 	 80 	 0.000000002187500 	 0.000000000403332 	 0.021024338212441 	 17.493 	 1750000.0000 	 457142857.1428571939 	 0.000000000408000
5 	 80 	 0.000000002525000 	 0.000000000505819 	 0.065916470215236 	 21.982 	 11098.9011 	 396039603.9603960514 	 0.000000000811000
8 	 80 	 0.000000001450000 	 0.000000000246628 	 0.051423463299938 	 24.720 	  1250.0000 	 689655172.4137930870 	 0.000000000647000
10 	 80 	 0.000000001250000 	 0.000000000175879 	 0.045839950528765 	 31.069 	  1005.0251 	 800000000.0000000000 	 0.000000000533000
15 	 80 	 0.000000000333750 	 0.000000000038614 	 0.015096164159097 	 29.282 	   457.9760 	 2996254681.6479396820 	 0.000000000778000
25 	 80 	 0.000000000832500 	 0.000000000155382 	 0.101244251637780 	 25.907 	  2513.2075 	 1201201201.2012012005 	 0.000000000514000
50 	 80 	 0.000000001375000 	 0.000000000289606 	 0.377404103977427 	 27.200 	  2231.2373 	 727272727.2727272511 	 0.000000000675000
75 	 80 	 0.000000001350000 	 0.000000000277704 	 0.542841519419587 	 29.600 	  2080.9249 	 740740740.7407407761 	 0.000000000686000
100 	 80 	 0.000000001108750 	 0.000000000213568 	 0.556627970706436 	 30.893 	  1066.1058 	 901916572.7170238495 	 0.000000000778000
2 	 20 	 0.000000001945000 	 0.000000000376884 	 0.019645693083756 	 16.069 	 389000.0000 	 514138817.4807198048 	 0.000000000371000
5 	 20 	 0.000000005200000 	 0.000000000880719 	 0.114772206962998 	 22.264 	  2826.0870 	 192307692.3076922894 	 0.000000000674000
8 	 20 	 0.000000001655000 	 0.000000000317376 	 0.066174966176864 	 23.406 	  1000.0000 	 604229607.2507553101 	 0.000000000606000
10 	 20 	 0.000000001805000 	 0.000000000311558 	 0.081202198079526 	 23.936 	  5918.0328 	 554016620.4986150265 	 0.000000000558000
15 	 20 	 0.000000004840000 	 0.000000000871463 	 0.340697677426196 	 23.881 	  1369.1655 	 206611570.2479338646 	 0.000000000542000
25 	 20 	 0.000000008600000 	 0.000000001757472 	 1.145137110013694 	 24.928 	  4343.4343 	 116279069.7674418688 	 0.000000000636000
50 	 20 	 0.000000003705000 	 0.000000000703518 	 0.916799010575305 	 29.932 	  1332.7338 	 269905533.0634278059 	 0.000000000490000
75 	 20 	 0.000000002235000 	 0.000000000420524 	 0.822017157978227 	 29.840 	   820.1835 	 447427293.0648769140 	 0.000000000529000
100 	 20 	 0.000000003240000 	 0.000000000653266 	 1.702626733925564 	 33.266 	   984.8024 	 308641975.3086419702 	 0.000000000501000
2 	 5 	 0.000000071800000 	 0.000000003300714 	 0.172054912059846 	 48.539 	  1375.4789 	 13927576.6016713083 	 0.000000000525000
5 	 5 	 0.000000032000000 	 0.000000005241999 	 0.683118661263247 	 24.017 	  3071.0173 	 31250000.0000000000 	 0.000000000496000
8 	 5 	 0.000000021600000 	 0.000000002010050 	 0.419108119120140 	 38.347 	  1130.8901 	 46296296.2962962985 	 0.000000000480000
10 	 5 	 0.000000072600000 	 0.000000014916689 	 3.887779262890735 	 21.835 	  9945.2055 	 13774104.6831955928 	 0.000000000420000
15 	 5 	 0.000000034000000 	 0.000000007045755 	 2.754532967111968 	 25.106 	  3803.1320 	 29411764.7058823556 	 0.000000000432000
25 	 5 	 0.000000012960000 	 0.000000002613065 	 1.702626733925564 	 31.036 	   466.1871 	 77160493.8271604925 	 0.000000000426000
50 	 5 	 0.000000006000000 	 0.000000001045226 	 1.362101387140456 	 34.744 	   387.0968 	 166666666.6666666865 	 0.000000000550000
75 	 5 	 0.000000003800000 	 0.000000000704576 	 1.377266483555984 	 32.745 	   247.0741 	 263157894.7368420959 	 0.000000000466000
100 	 5 	 0.000000002440000 	 0.000000000462312 	 1.204935842470402 	 37.536 	   126.1634 	 409836065.5737704635 	 0.000000000395000
2 	 80 	 0.000000002162500 	 0.000000000251256 	 0.013097128722504 	 -2.037 	 1730000.0000 	 462427745.6647399068 	 0.000000000312000
5 	 80 	 0.000000005375000 	 0.000000000872785 	 0.113738223116484 	 18.082 	 20000.0000 	 186046511.6279069781 	 0.000000000412000
8 	 80 	 0.000000000000000 	 0.000000000000000 	 0.000000000000000 	 0.000 	     0.0000 	 0.0000000000 	 0.000000000000000
10 	 80 	 0.000000002387500 	 0.000000000424160 	 0.110550106256401 	 17.020 	 1910000.0000 	 418848167.5392670035 	 0.000000000662000
15 	 80 	 0.000000002412500 	 0.000000000438376 	 0.171382822559611 	 17.965 	 965000.0000 	 414507772.0207253695 	 0.000000000508000
25 	 80 	 0.000000001275000 	 0.000000000289606 	 0.188702051988714 	 23.578 	  2339.4495 	 784313725.4901959896 	 0.000000000494000
50 	 80 	 0.000000001337500 	 0.000000000263819 	 0.343799628965739 	 24.138 	  3664.3836 	 747663551.4018690586 	 0.000000000417000
75 	 80 	 0.000000001575000 	 0.000000000314732 	 0.615220388675533 	 27.929 	  1308.4112 	 634920634.9206349850 	 0.000000000387000
100 	 80 	 0.000000001021250 	 0.000000000205633 	 0.535948293776160 	 28.615 	  1742.0043 	 979192166.4626682997 	 0.000000000424000
2 	 20 	 0.000000007550000 	 0.000000000500898 	 0.026110070480225 	 -1.986 	 755000.0000 	 132450331.1258278191 	 0.000000000303000
5 	 20 	 0.000000008050000 	 0.000000001137265 	 0.148204351333601 	 1.282 	 115000.0000 	 124223602.4844720662 	 0.000000035600000
8 	 20 	 0.000000000000000 	 0.000000000000000 	 0.000000000000000 	 0.000 	     0.0000 	 0.0000000000 	 0.000000000000000
10 	 20 	 0.000000000000000 	 0.000000000000000 	 0.000000000000000 	 0.000 	     0.0000 	 0.0000000000 	 0.000000000000000
15 	 20 	 0.000000003235000 	 0.000000000655911 	 0.256427993935349 	 10.342 	 323500.0000 	 309119010.8191653490 	 0.000000000406000
25 	 20 	 0.000000002910000 	 0.000000000569955 	 0.371372531539430 	 16.499 	  5762.3762 	 343642611.6838487983 	 0.000000000405000
50 	 20 	 0.000000004820000 	 0.000000001155779 	 1.506169803087998 	 20.412 	  3467.6259 	 207468879.6680497825 	 0.000000000398000
75 	 20 	 0.000000000000000 	 0.000000000000000 	 0.000000000000000 	 0.000 	     0.0000 	 0.0000000000 	 0.000000000000000
100 	 20 	 0.000000000133500 	 0.000000000015446 	 0.040256437757592 	 31.817 	    60.2709 	 7490636704.1198501587 	 0.000000000369000
2 	 5 	 0.000000218000000 	 0.000000044432690 	 2.316123816190223 	 1.886 	 10900000.0000 	 4587155.9633027520 	 0.000000000363000
5 	 5 	 0.000000053200000 	 0.000000010843692 	 1.413111256901779 	 14.258 	 886666.6667 	 18796992.4812030047 	 0.000000000410000
8 	 5 	 0.000000076200000 	 0.000000016397778 	 3.419039919137975 	 13.775 	 3810000.0000 	 13123359.5800524950 	 0.000000000436000
10 	 5 	 0.000000035400000 	 0.000000006987569 	 1.821190214992437 	 17.967 	 43170.7317 	 28248587.5706214681 	 0.000000000457000
15 	 5 	 0.000000017420000 	 0.000000003755620 	 1.468257062049166 	 19.323 	 24194.4444 	 57405281.2858783007 	 0.000000000462000
25 	 5 	 0.000000009620000 	 0.000000002174028 	 1.416557869723491 	 21.134 	  3510.9489 	 103950103.9501039535 	 0.000000000436000
50 	 5 	 0.000000006260000 	 0.000000001174293 	 1.530296092839974 	 29.075 	   548.1611 	 159744408.9456868768 	 0.000000000472000
75 	 5 	 0.000000004560000 	 0.000000001005025 	 1.964569308375657 	 31.513 	   491.3793 	 219298245.6140350997 	 0.000000000471000
100 	 5 	 0.000000004640000 	 0.000000000775456 	 2.021093758651708 	 33.745 	   436.9115 	 215517241.3793103397 	 0.000000000459000
2 	 80 	 0.000000002112500 	 0.000000000380190 	 0.019818023724842 	 2.782 	 845000.0000 	 473372781.0650888085 	 0.000000000352000
5 	 80 	 0.000000002800000 	 0.000000000521357 	 0.067941355247991 	 16.638 	 1120000.0000 	 357142857.1428571939 	 0.000000000613000
8 	 80 	 0.000000002687500 	 0.000000000628141 	 0.130971287225044 	 17.631 	 537500.0000 	 372093023.2558139563 	 0.000000000460000
10 	 80 	 0.000000000025125 	 0.000000000002585 	 0.000673812806645 	 28.376 	    38.1404 	 39800995024.8756256104 	 0.000000000335000
15 	 80 	 0.000000002975000 	 0.000000000641365 	 0.250741082779525 	 20.422 	 43272.7273 	 336134453.7815126181 	 0.000000000506000
25 	 80 	 0.000000000555000 	 0.000000000128934 	 0.084011187529221 	 25.258 	  2114.2857 	 1801801801.8018019199 	 0.000000000744000
50 	 80 	 0.000000001196250 	 0.000000000251256 	 0.327428218062608 	 24.080 	  3922.1311 	 835945663.5318703651 	 0.000000000927000
75 	 80 	 0.000000001012500 	 0.000000000180508 	 0.352846987622731 	 26.859 	  2076.9231 	 987654320.9876543283 	 0.000000000760000
100 	 80 	 0.000000001887500 	 0.000000000339857 	 0.885779495179900 	 34.111 	  2144.8864 	 529801324.5033112764 	 0.000000001030000
2 	 20 	 0.000000000000000 	 0.000000000000000 	 0.000000000000000 	 0.000 	     0.0000 	 0.0000000000 	 0.000000000000000
5 	 20 	 0.000000037550000 	 0.000000003015075 	 0.392913861675132 	 29.676 	 10790.2299 	 26631158.4553928114 	 0.000000000445000
8 	 20 	 0.000000007350000 	 0.000000001708543 	 0.356241901252119 	 19.625 	 490000.0000 	 136054421.7687074840 	 0.000000000499000
10 	 20 	 0.000000014050000 	 0.000000002790267 	 0.727235305381158 	 20.597 	 17898.0892 	 71174377.2241992950 	 0.000000000583000
15 	 20 	 0.000000009600000 	 0.000000002010050 	 0.785827723350259 	 20.197 	 21818.1818 	 104166666.6666666567 	 0.000000000592000
25 	 20 	 0.000000005350000 	 0.000000001031473 	 0.672089500233770 	 23.010 	  1948.9982 	 186915887.8504672647 	 0.000000000411000
50 	 20 	 0.000000018500000 	 0.000000004072997 	 5.307783745435970 	 20.800 	 11280.4878 	 54054054.0540540516 	 0.000000000356000
75 	 20 	 0.000000013300000 	 0.000000002512563 	 4.911423270939133 	 30.051 	  3436.6925 	 75187969.9248120189 	 0.000000000429000
100 	 20 	 0.000000002760000 	 0.000000000528961 	 1.378645128684660 	 32.730 	   845.3292 	 362318840.5797101259 	 0.000000000451000
2 	 5 	 0.000000000000000 	 0.000000000000000 	 0.000000000000000 	 0.000 	     0.0000 	 0.0000000000 	 0.000000000000000
5 	 5 	 0.000000006480000 	 0.000000001132505 	 0.147583961025693 	 17.129 	 162000.0000 	 154320987.6543209851 	 0.000000000453000
8 	 5 	 0.000000073400000 	 0.000000017085427 	 3.562419012521161 	 14.413 	 524285.7143 	 13623978.2016348764 	 0.000000000462000
10 	 5 	 0.000000053600000 	 0.000000012536366 	 3.267388954982645 	 15.057 	 89333.3333 	 18656716.4179104492 	 0.000000000418000
15 	 5 	 0.000000047200000 	 0.000000011372653 	 4.446130540008020 	 17.558 	 29135.8025 	 21186440.6779661030 	 0.000000000396000
25 	 5 	 0.000000011020000 	 0.000000002401481 	 1.564762221057086 	 23.503 	  2018.3150 	 90744101.6333938390 	 0.000000000504000
50 	 5 	 0.000000007520000 	 0.000000001809045 	 2.357483170050783 	 27.443 	   649.3955 	 132978723.4042553306 	 0.000000000484000
75 	 5 	 0.000000005840000 	 0.000000001216609 	 2.378162846981053 	 29.848 	   525.1799 	 171232876.7123287618 	 0.000000000485000
100 	 5 	 0.000000003700000 	 0.000000000708807 	 1.847384472437453 	 34.275 	   223.9709 	 270270270.2702702284 	 0.000000000565000
2 	 80 	 0.000000001937500 	 0.000000000383496 	 0.019990354365928 	 3.293 	 1550000.0000 	 516129032.2580645084 	 0.000000000333000
5 	 80 	 0.000000001312500 	 0.000000000217866 	 0.028391473118850 	 18.629 	 1050000.0000 	 761904761.9047619104 	 0.000000000843000
8 	 80 	 0.000000001287500 	 0.000000000250595 	 0.052250650377149 	 19.922 	 85833.3333 	 776699029.1262136698 	 0.000000000539000
10 	 80 	 0.000000000515000 	 0.000000000110421 	 0.028779217061292 	 29.397 	   834.0081 	 1941747572.8155341148 	 0.000000000513000
15 	 80 	 0.000000001587500 	 0.000000000138191 	 0.054025655980331 	 50.461 	   547.4138 	 629921259.8425196409 	 0.000000000496000
25 	 80 	 0.000000000590000 	 0.000000000128273 	 0.083580360926508 	 25.198 	  1815.3846 	 1694915254.2372882366 	 0.000000000459000
50 	 80 	 0.000000001962500 	 0.000000000489950 	 0.638485025222091 	 23.660 	  7511.9617 	 509554140.1273885369 	 0.000000000636000
75 	 80 	 0.000000001512500 	 0.000000000322005 	 0.629437666565090 	 26.444 	  3209.5491 	 661157024.7933883667 	 0.000000000695000
100 	 80 	 0.000000003112500 	 0.000000000647977 	 1.688840282638719 	 25.417 	  4863.2812 	 321285140.5622489452 	 0.000000000591000
2 	 20 	 0.000000090000000 	 0.000000017852420 	 0.930585461862143 	 1.032 	 4500000.0000 	 11111111.1111111119 	 0.000000000331000
5 	 20 	 0.000000033050000 	 0.000000007590585 	 0.989177879831250 	 11.650 	 129607.8431 	 30257186.0816944018 	 0.000000000400000
8 	 20 	 0.000000005600000 	 0.000000000351759 	 0.073343920846024 	 51.300 	   615.3846 	 178571428.5714285970 	 0.000000000486000
10 	 20 	 0.000000003930000 	 0.000000000661201 	 0.172330641085582 	 24.241 	   902.4110 	 254452926.2086513937 	 0.000000000457000
15 	 20 	 0.000000002940000 	 0.000000000542185 	 0.211966688535266 	 24.325 	  1709.3023 	 340136054.4217687249 	 0.000000000440000
25 	 20 	 0.000000000000000 	 0.000000000000000 	 0.000000000000000 	 0.000 	     0.0000 	 0.0000000000 	 0.000000000000000
50 	 20 	 0.000000000000000 	 0.000000000000000 	 0.000000000000000 	 0.000 	     0.0000 	 0.0000000000 	 0.000000000000000
75 	 20 	 0.000000007150000 	 0.000000001453319 	 2.840870618295823 	 21.888 	 1430000.0000 	 139860139.8601398468 	 0.000000000409000
100 	 20 	 0.000000002185000 	 0.000000000402010 	 1.047770297800339 	 25.699 	   540.8416 	 457665903.8901602030 	 0.000000000435000
2 	 5 	 0.000000000000000 	 0.000000000000000 	 0.000000000000000 	 0.000 	     0.0000 	 0.0000000000 	 0.000000000000000
5 	 5 	 0.000000000000000 	 0.000000000000000 	 0.000000000000000 	 0.000 	     0.0000 	 0.0000000000 	 0.000000000000000
8 	 5 	 0.000000041000000 	 0.000000004623116 	 0.963948673976323 	 28.847 	  2851.1822 	 24390243.9024390243 	 0.000000000435000
10 	 5 	 0.000000070400000 	 0.000000018090452 	 4.714966340101572 	 14.821 	 3520000.0000 	 14204545.4545454569 	 0.000000000471000
15 	 5 	 0.000000023800000 	 0.000000005956096 	 2.328531622348385 	 15.675 	 85000.0000 	 42016806.7226890773 	 0.000000000419000
25 	 5 	 0.000000015860000 	 0.000000003639249 	 2.371269621337641 	 20.147 	  3830.9179 	 63051702.3959646970 	 0.000000000436000
50 	 5 	 0.000000007460000 	 0.000000001428194 	 1.861170923724289 	 25.997 	   894.4844 	 134048257.3726541400 	 0.000000000499000
75 	 5 	 0.000000005160000 	 0.000000000844221 	 1.650238219035534 	 31.124 	   361.8513 	 193798449.6124030948 	 0.000000000443000
100 	 5 	 0.000000003920000 	 0.000000000663846 	 1.730199636499244 	 33.480 	   323.4323 	 255102040.8163264990 	 0.000000000476000
2 	 80 	 0.000000007250000 	 0.000000000892290 	 0.046512040028999 	 -2.270 	 1933333.3333 	 137931034.4827586412 	 0.000000000327000
5 	 80 	 0.000000001900000 	 0.000000000392753 	 0.051182200402418 	 15.705 	 168888.8889 	 526315789.4736841917 	 0.000000000497000
8 	 80 	 0.000000001190000 	 0.000000000237371 	 0.049493360119779 	 18.576 	 238000.0000 	 840336134.4537813663 	 0.000000000566000
10 	 80 	 0.000000002237500 	 0.000000000424160 	 0.110550106256401 	 21.156 	 18265.3061 	 446927374.3016760349 	 0.000000000531000
15 	 80 	 0.000000001612500 	 0.000000000368950 	 0.144240746588633 	 20.546 	 28043.4783 	 620155038.7596899271 	 0.000000000503000
25 	 80 	 0.000000001262500 	 0.000000000256876 	 0.167376135154372 	 23.208 	  6312.5000 	 792079207.9207921028 	 0.000000000522000
50 	 80 	 0.000000001250000 	 0.000000000263819 	 0.343799628965739 	 28.603 	  2141.3276 	 800000000.0000000000 	 0.000000000452000
75 	 80 	 0.000000000790000 	 0.000000000148770 	 0.290807956831920 	 26.090 	  1708.1081 	 1265822784.8101265430 	 0.000000000618000
100 	 80 	 0.000000000815000 	 0.000000000163978 	 0.427379989892248 	 30.305 	  1075.9076 	 1226993865.0306746960 	 0.000000000440000
2 	 20 	 0.000000008900000 	 0.000000001284052 	 0.066933220997640 	 2.419 	 1780000.0000 	 112359550.5617977530 	 0.000000000349000
5 	 20 	 0.000000019450000 	 0.000000004522613 	 0.589370792512697 	 13.279 	 1945000.0000 	 51413881.7480719835 	 0.000000000591000
8 	 20 	 0.000000010300000 	 0.000000002512563 	 0.523885148900174 	 15.926 	 206000.0000 	 97087378.6407767087 	 0.000000000441000
10 	 20 	 0.000000003385000 	 0.000000000653266 	 0.170262673392556 	 20.218 	 28208.3333 	 295420974.8892171383 	 0.000000000511000
15 	 20 	 0.000000009050000 	 0.000000001660936 	 0.649341855610474 	 17.929 	 22345.6790 	 110497237.5690607727 	 0.000000000421000
25 	 20 	 0.000000007400000 	 0.000000000502513 	 0.327428218062610 	 45.269 	   774.8691 	 135135135.1351351142 	 0.000000000476000
50 	 20 	 0.000000003450000 	 0.000000000753769 	 0.982284654187825 	 24.884 	  1811.0236 	 289855072.4637681246 	 0.000000000441000
75 	 20 	 0.000000004080000 	 0.000000000859561 	 1.680223750584437 	 28.650 	  2272.9805 	 245098039.2156862915 	 0.000000000443000
100 	 20 	 0.000000000062000 	 0.000000000007464 	 0.019452682765741 	 32.843 	    20.2946 	 16129032258.0645160675 	 0.000000000369000
2 	 5 	 0.000000163400000 	 0.000000038984396 	 2.032122919681190 	 2.581 	 8170000.0000 	 6119951.0403916780 	 0.000000000333000
5 	 5 	 0.000000196000000 	 0.000000044538482 	 5.804095991762406 	 10.171 	 9800000.0000 	 5102040.8163265307 	 0.000000000429000
8 	 5 	 0.000000075400000 	 0.000000016715155 	 3.485214885314813 	 14.996 	 314166.6667 	 13262599.4694960210 	 0.000000000422000
10 	 5 	 0.000000000000000 	 0.000000000000000 	 0.000000000000000 	 0.000 	     0.0000 	 0.0000000000 	 0.000000000000000
15 	 5 	 0.000000000000000 	 0.000000000000000 	 0.000000000000000 	 0.000 	     0.0000 	 0.0000000000 	 0.000000000000000
25 	 5 	 0.000000000000000 	 0.000000000000000 	 0.000000000000000 	 0.000 	     0.0000 	 0.0000000000 	 0.000000000000000
50 	 5 	 0.000000000000000 	 0.000000000000000 	 0.000000000000000 	 0.000 	     0.0000 	 0.0000000000 	 0.000000000000000
75 	 5 	 0.000000000000000 	 0.000000000000000 	 0.000000000000000 	 0.000 	     0.0000 	 0.0000000000 	 0.000000000000000
100 	 5 	 0.000000000000000 	 0.000000000000000 	 0.000000000000000 	 0.000 	     0.0000 	 0.0000000000 	 0.000000000000000
2 	 80 	 0.000000006425000 	 0.000000001256281 	 0.065485643612522 	 2.300 	 1028000.0000 	 155642023.3463035226 	 0.000000000362000
5 	 80 	 0.000000000510000 	 0.000000000093891 	 0.012235475517076 	 18.207 	 102000.0000 	 1960784313.7254903316 	 0.000000000566000
8 	 80 	 0.000000002350000 	 0.000000000509125 	 0.106155674908719 	 22.299 	  4723.6181 	 425531914.8936170340 	 0.000000000649000
10 	 80 	 0.000000002137500 	 0.000000000439698 	 0.114599876321913 	 22.928 	  6867.4699 	 467836257.3099415302 	 0.000000000535000
15 	 80 	 0.000000002375000 	 0.000000000454245 	 0.177586725638692 	 23.116 	  5993.6909 	 421052631.5789473653 	 0.000000000567000
25 	 80 	 0.000000001133750 	 0.000000000223486 	 0.145619391717317 	 25.169 	  2870.2532 	 882028665.9316427708 	 0.000000000595000
50 	 80 	 0.000000000552500 	 0.000000000119347 	 0.155528403579738 	 25.269 	  1449.1803 	 1809954751.1312217712 	 0.000000000642000
75 	 80 	 0.000000000927500 	 0.000000000175879 	 0.343799628965740 	 28.909 	   909.3137 	 1078167115.9029648304 	 0.000000000562000
100 	 80 	 0.000000000493750 	 0.000000000082981 	 0.216274954562406 	 27.874 	   801.2170 	 2025316455.6962025166 	 0.000000000605000
2 	 20 	 0.000000000000000 	 0.000000000000000 	 0.000000000000000 	 0.000 	     0.0000 	 0.0000000000 	 0.000000000000000
5 	 20 	 0.000000017350000 	 0.000000003411796 	 0.444613054000802 	 14.486 	 1735000.0000 	 57636887.6080691665 	 0.000000000405000
8 	 20 	 0.000000006500000 	 0.000000001330336 	 0.277383399891353 	 22.571 	 24528.3019 	 153846153.8461538553 	 0.000000000408000
10 	 20 	 0.000000000429500 	 0.000000000066781 	 0.017405394749644 	 23.263 	  1034.9398 	 2328288707.7997674942 	 0.000000000568000
15 	 20 	 0.000000005400000 	 0.000000001055276 	 0.412559554758887 	 23.159 	  6708.0745 	 185185185.1851851940 	 0.000000000740000
25 	 20 	 0.000000004300000 	 0.000000000769638 	 0.501482165559046 	 26.717 	  3060.4982 	 232558139.5348837376 	 0.000000000651000
50 	 20 	 0.000000006300000 	 0.000000001364718 	 1.778452216003220 	 24.317 	  3806.6465 	 158730158.7301587462 	 0.000000000454000
75 	 20 	 0.000000003485000 	 0.000000000703518 	 1.375198515862958 	 29.286 	  1157.8073 	 286944045.9110473394 	 0.000000000650000
100 	 20 	 0.000000001975000 	 0.000000000354404 	 0.923692236218730 	 35.733 	   349.5575 	 506329113.9240506291 	 0.000000001220000
2 	 5 	 0.000000135600000 	 0.000000018672309 	 0.973323460851368 	 2.863 	 6780000.0000 	 7374631.2684365781 	 0.000000073700000
5 	 5 	 0.000000099400000 	 0.000000012742661 	 1.660578057500669 	 10.017 	 115581.3953 	 10060362.1730382293 	 0.000000065200000
8 	 5 	 0.000000008940000 	 0.000000000769638 	 0.160474292978894 	 13.920 	  1022.8833 	 111856823.2662192285 	 0.000000228000000
10 	 5 	 0.000000024800000 	 0.000000002459085 	 0.640918333874210 	 12.227 	  5367.9654 	 40322580.6451612860 	 0.000000183000000
15 	 5 	 0.000000017440000 	 0.000000001640148 	 0.641214742576877 	 11.600 	  4589.4737 	 57339449.5412844047 	 0.000000198000000
25 	 5 	 0.000000021200000 	 0.000000002011426 	 1.310608991584069 	 9.677 	  7910.4478 	 47169811.3207547218 	 0.000000199000000
50 	 5 	 0.000000000000000 	 0.000000000000000 	 0.000000000000000 	 0.000 	     0.0000 	 0.0000000000 	 0.000000000000000
75 	 5 	 0.000000000000000 	 0.000000000000000 	 0.000000000000000 	 0.000 	     0.0000 	 0.0000000000 	 0.000000000000000
100 	 5 	 0.000000000000000 	 0.000000000000000 	 0.000000000000000 	 0.000 	     0.0000 	 0.0000000000 	 0.000000000000000
2 	 80 	 0.000000002062500 	 0.000000000097858 	 0.005100986976133 	 16.653 	   452.0548 	 484848484.8484848738 	 0.000000000623000
5 	 80 	 0.000000001215000 	 0.000000000227453 	 0.029640870266720 	 17.872 	 486000.0000 	 823045267.4897119999 	 0.000000000431000
8 	 80 	 0.000000000837500 	 0.000000000143150 	 0.029847667036023 	 20.898 	  1840.6593 	 1194029850.7462687492 	 0.000000000477000
10 	 80 	 0.000000000665000 	 0.000000000123645 	 0.032225829883004 	 18.993 	 266000.0000 	 1503759398.4962406158 	 0.000000000455000
15 	 80 	 0.000000000000000 	 0.000000000000000 	 0.000000000000000 	 0.000 	     0.0000 	 0.0000000000 	 0.000000000000000
25 	 80 	 0.000000000068750 	 0.000000000009125 	 0.005945407117453 	 30.796 	   153.6313 	 14545454545.4545478821 	 0.000000000482000
50 	 80 	 0.000000000997500 	 0.000000000213568 	 0.278313985353218 	 27.667 	  2549.5208 	 1002506265.6641603708 	 0.000000000641000
75 	 80 	 0.000000000967500 	 0.000000000190426 	 0.372234184744860 	 29.576 	  1639.8305 	 1033591731.2661498785 	 0.000000000619000
100 	 80 	 0.000000000321250 	 0.000000000032663 	 0.085131336696278 	 42.684 	   324.4949 	 3112840466.9260702133 	 0.000000000807000
2 	 20 	 0.000000000000000 	 0.000000000000000 	 0.000000000000000 	 0.000 	     0.0000 	 0.0000000000 	 0.000000000000000
5 	 20 	 0.000000002060000 	 0.000000000400688 	 0.052216184248931 	 19.672 	 206000.0000 	 485436893.2038835287 	 0.000000000397000
8 	 20 	 0.000000000000000 	 0.000000000000000 	 0.000000000000000 	 0.000 	     0.0000 	 0.0000000000 	 0.000000000000000
10 	 20 	 0.000000003205000 	 0.000000000485718 	 0.126594088941469 	 18.980 	 641000.0000 	 312012480.4992199540 	 0.000000000564000
15 	 20 	 0.000000005300000 	 0.000000000950807 	 0.371717192821601 	 20.888 	  3212.1212 	 188679245.2830188870 	 0.000000000504000
25 	 20 	 0.000000000000000 	 0.000000000000000 	 0.000000000000000 	 0.000 	     0.0000 	 0.0000000000 	 0.000000000000000
50 	 20 	 0.000000003090000 	 0.000000000626818 	 0.816847238745664 	 24.154 	  1949.5268 	 323624595.4692556858 	 0.000000000509000
75 	 20 	 0.000000002295000 	 0.000000000473420 	 0.925415542629576 	 26.187 	   880.9981 	 435729847.4945533872 	 0.000000000467000
100 	 20 	 0.000000001115000 	 0.000000000139117 	 0.362583668844067 	 37.973 	   175.5906 	 896860986.5470851660 	 0.000000000465000
2 	 5 	 0.000000160200000 	 0.000000034646919 	 1.806025118576904 	 2.421 	 4005000.0000 	 6242197.2534332089 	 0.000000000367000
5 	 5 	 0.000000133000000 	 0.000000014070352 	 1.833598021150605 	 25.658 	  7212.5813 	 7518796.9924812028 	 0.000000000543000
8 	 5 	 0.000000019140000 	 0.000000003581063 	 0.746674201695610 	 17.278 	 239250.0000 	 52246603.9707418978 	 0.000000000620000
10 	 5 	 0.000000006580000 	 0.000000001087543 	 0.283449438457566 	 18.078 	 82250.0000 	 151975683.8905775249 	 0.000000000422000
15 	 5 	 0.000000017140000 	 0.000000004072997 	 1.592335123630791 	 22.494 	  4463.5417 	 58343057.1761960238 	 0.000000000501000
25 	 5 	 0.000000009300000 	 0.000000001877810 	 1.223547551707638 	 26.264 	  1471.5190 	 107526881.7204301059 	 0.000000000480000
50 	 5 	 0.000000005920000 	 0.000000001290664 	 1.681947056995289 	 27.566 	   813.1868 	 168918918.9189189374 	 0.000000001030000
75 	 5 	 0.000000002880000 	 0.000000000554351 	 1.083615071146147 	 32.165 	   270.6767 	 347222222.2222222090 	 0.000000000544000
100 	 5 	 0.000000001778000 	 0.000000000321608 	 0.838216238240280 	 34.079 	   163.1193 	 562429696.2879639864 	 0.000000001080000
