Length (um) 	 Width (um) 	 Drain Current (A/um) 	 Transconductance_Max(S/um) 	 Mobility (cm2/V-s) 	 Threshold (V) 	 OnOff 	 R_total (ohm-um) 	 Gate Leakage (A)
2 	 80 	 0.000000000000000 	 0.000000000000000 	 0.000000000000000 	 0.000 	     0.0000 	 0.0000000000 	 0.000000000000000
5 	 80 	 0.000000000000000 	 0.000000000000000 	 0.000000000000000 	 0.000 	     0.0000 	 0.0000000000 	 0.000000000000000
8 	 80 	 0.000000000000000 	 0.000000000000000 	 0.000000000000000 	 0.000 	     0.0000 	 0.0000000000 	 0.000000000000000
10 	 80 	 0.000000002400000 	 0.000000000160322 	 0.041785096709342 	 -6.067 	   868.7783 	 416666666.6666666269 	 0.000000064200000
15 	 80 	 0.000000000000000 	 0.000000000000000 	 0.000000000000000 	 0.000 	     0.0000 	 0.0000000000 	 0.000000000000000
25 	 80 	 0.000000000000000 	 0.000000000000000 	 0.000000000000000 	 0.000 	     0.0000 	 0.0000000000 	 0.000000000000000
50 	 80 	 0.000000000000000 	 0.000000000000000 	 0.000000000000000 	 0.000 	     0.0000 	 0.0000000000 	 0.000000000000000
75 	 80 	 0.000000000000000 	 0.000000000000000 	 0.000000000000000 	 0.000 	     0.0000 	 0.0000000000 	 0.000000000000000
100 	 80 	 0.000000000000000 	 0.000000000000000 	 0.000000000000000 	 0.000 	     0.0000 	 0.0000000000 	 0.000000000000000
2 	 20 	 0.000000049450000 	 0.000000016239090 	 0.846488109012382 	 2.473 	 100918.3673 	 20222446.9160768464 	 0.000000000363000
5 	 20 	 0.000000052000000 	 0.000000012562814 	 1.637141090313041 	 13.194 	 26130.6533 	 19230769.2307692319 	 0.000000000441000
8 	 20 	 0.000000039500000 	 0.000000010050251 	 2.095540595600696 	 14.107 	 90804.5977 	 25316455.6962025352 	 0.000000000426000
10 	 20 	 0.000000030000000 	 0.000000006664903 	 1.737092862142674 	 18.960 	  8810.5727 	 33333333.3333333358 	 0.000000000400000
15 	 20 	 0.000000003475000 	 0.000000000452261 	 0.176811237753809 	 21.060 	  1824.1470 	 287769784.1726619005 	 0.000000000418000
25 	 20 	 0.000000019850000 	 0.000000004628405 	 3.015786218997700 	 17.932 	  4435.7542 	 50377833.7531486154 	 0.000000000347000
50 	 20 	 0.000000000000000 	 0.000000000000000 	 0.000000000000000 	 0.000 	     0.0000 	 0.0000000000 	 0.000000000000000
75 	 20 	 0.000000005850000 	 0.000000001211320 	 2.367823008515916 	 21.123 	  3798.7013 	 170940170.9401709139 	 0.000000000374000
100 	 20 	 0.000000002105000 	 0.000000000449617 	 1.171848359381958 	 21.321 	  1887.8924 	 475059382.4228028059 	 0.000000000440000
2 	 5 	 0.000000055600000 	 0.000000018090452 	 0.942993268020314 	 3.898 	 73157.8947 	 17985611.5107913688 	 0.000000000371000
5 	 5 	 0.000000061400000 	 0.000000013329807 	 1.737092862142668 	 21.195 	 12280.0000 	 16286644.9511400647 	 0.000000000430000
8 	 5 	 0.000000006260000 	 0.000000001063211 	 0.221686136692494 	 22.885 	  3516.8539 	 159744408.9456868768 	 0.000000000440000
10 	 5 	 0.000000072800000 	 0.000000012060302 	 3.143310893401052 	 28.336 	  2983.6066 	 13736263.7362637371 	 0.000000000452000
15 	 5 	 0.000000021800000 	 0.000000004020101 	 1.571655446700522 	 33.878 	  1068.6275 	 45871559.6330275238 	 0.000000000410000
25 	 5 	 0.000000016180000 	 0.000000003417085 	 2.226511882825744 	 30.600 	  1359.6639 	 61804697.1569839269 	 0.000000000582000
50 	 5 	 0.000000008960000 	 0.000000001608040 	 2.095540595600697 	 35.779 	   481.7204 	 111607142.8571428508 	 0.000000000454000
75 	 5 	 0.000000004100000 	 0.000000000763819 	 1.493072674365496 	 33.782 	   420.0820 	 243902439.0243902504 	 0.000000000451000
100 	 5 	 0.000000002020000 	 0.000000000341709 	 0.890604753130298 	 34.954 	   193.4866 	 495049504.9504950643 	 0.000000000385000
2 	 80 	 0.000000062500000 	 0.000000016530019 	 0.861653205427916 	 0.294 	 41322.3140 	 15999999.9999999981 	 0.000000000341000
5 	 80 	 0.000000042000000 	 0.000000010380852 	 1.352795532521822 	 8.991 	 273170.7317 	 23809523.8095238097 	 0.000000000381000
8 	 80 	 0.000000031750000 	 0.000000007537688 	 1.571655446700527 	 10.024 	 153939.3939 	 31496062.9921259880 	 0.000000000397000
10 	 80 	 0.000000023875000 	 0.000000006281407 	 1.637141090313041 	 10.666 	 90094.3396 	 41884816.7539267018 	 0.000000000366000
15 	 80 	 0.000000018250000 	 0.000000003848188 	 1.504446496677139 	 12.995 	 37628.8660 	 54794520.5479452014 	 0.000000000376000
25 	 80 	 0.000000016125000 	 0.000000003782068 	 2.464328167523846 	 13.964 	 31617.6471 	 62015503.8759689927 	 0.000000000389000
50 	 80 	 0.000000004812500 	 0.000000001077757 	 1.404494724847494 	 16.000 	  9846.5473 	 207792207.7922077775 	 0.000000000406000
75 	 80 	 0.000000003987500 	 0.000000001011637 	 1.977494106457073 	 17.607 	  5128.6174 	 250783699.0595611632 	 0.000000000416000
100 	 80 	 0.000000001787500 	 0.000000000403663 	 1.052078563827480 	 15.636 	  2269.8413 	 559440559.4405593872 	 0.000000000393000
2 	 20 	 0.000000432500000 	 0.000000020100503 	 1.047770297800348 	 36.762 	 22179.4872 	 2312138.7283236994 	 0.000000000490000
5 	 20 	 0.000000032300000 	 0.000000008569162 	 1.116702554234582 	 10.283 	 717777.7778 	 30959752.3219814226 	 0.000000000407000
8 	 20 	 0.000000033650000 	 0.000000009045226 	 1.885986536040628 	 13.688 	 124629.6296 	 29717682.0208023824 	 0.000000000423000
10 	 20 	 0.000000031050000 	 0.000000007035176 	 1.833598021150616 	 16.289 	 36964.2857 	 32206119.1626409031 	 0.000000000441000
15 	 20 	 0.000000016200000 	 0.000000003411796 	 1.333839162002405 	 17.046 	 57857.1429 	 61728395.0617283955 	 0.000000000505000
25 	 20 	 -0.000000000003955 	 0.000000000000709 	 0.000461846118109 	 -8.155 	    40.8571 	 -252844500632.1112365723 	 0.000000000320000
50 	 20 	 0.000000005950000 	 0.000000001309177 	 1.706073346747281 	 23.840 	  3650.3067 	 168067226.8907563090 	 0.000000000666000
75 	 20 	 0.000000002305000 	 0.000000000552764 	 1.080513119606608 	 21.768 	   942.7403 	 433839479.3926247358 	 0.000000000736000
100 	 20 	 0.000000003355000 	 0.000000000753769 	 1.964569308375658 	 26.667 	  1217.7858 	 298062593.1445603967 	 0.000000000707000
2 	 5 	 0.000000031800000 	 0.000000010685004 	 0.556972631988604 	 2.739 	 23043.4783 	 31446540.8805031404 	 0.000000000333000
5 	 5 	 0.000000042200000 	 0.000000010050251 	 1.309712872250435 	 16.073 	 72758.6207 	 23696682.4644549750 	 0.000000000517000
8 	 5 	 0.000000029600000 	 0.000000007257339 	 1.513200893244294 	 21.696 	  5016.9492 	 33783783.7837837785 	 0.000000000672000
10 	 5 	 0.000000019840000 	 0.000000004221106 	 1.100158812690367 	 25.058 	  1793.8517 	 50403225.8064516038 	 0.000000000647000
15 	 5 	 0.000000029400000 	 0.000000005628141 	 2.200317625380733 	 27.016 	  1865.4822 	 34013605.4421768710 	 0.000000000645000
25 	 5 	 0.000000022000000 	 0.000000004020101 	 2.619425744500884 	 28.571 	  1366.4596 	 45454545.4545454532 	 0.000000000522000
50 	 5 	 0.000000003340000 	 0.000000000506744 	 0.660371016639955 	 37.868 	    93.2961 	 299401197.6047903895 	 0.000000000452000
75 	 5 	 0.000000002060000 	 0.000000000422111 	 0.825119109517775 	 32.793 	   146.3068 	 485436893.2038835287 	 0.000000000388000
100 	 5 	 0.000000003020000 	 0.000000000361809 	 0.942993268020316 	 39.884 	   193.8383 	 331125827.8145695329 	 0.000000000416000
2 	 80 	 0.000000054125000 	 0.000000011306533 	 0.589370792512693 	 6.696 	 98409.0909 	 18475750.5773672052 	 0.000000000392000
5 	 80 	 0.000000027875000 	 0.000000007537688 	 0.982284654187829 	 10.990 	 123888.8889 	 35874439.4618834108 	 0.000000000386000
8 	 80 	 0.000000032375000 	 0.000000007537688 	 1.571655446700527 	 13.354 	 36530.3244 	 30888030.8880308867 	 0.000000000418000
10 	 80 	 0.000000027750000 	 0.000000007537688 	 1.964569308375658 	 10.662 	 153103.4483 	 36036036.0360360369 	 0.000000000344000
15 	 80 	 0.000000024500000 	 0.000000006281407 	 2.455711635469563 	 13.105 	 74242.4242 	 40816326.5306122452 	 0.000000000400000
25 	 80 	 0.000000006737500 	 0.000000001758794 	 1.145998763219135 	 14.655 	 18586.2069 	 148423005.5658626854 	 0.000000000380000
50 	 80 	 0.000000000000000 	 0.000000000000000 	 0.000000000000000 	 0.000 	     0.0000 	 0.0000000000 	 0.000000000000000
75 	 80 	 0.000000000096750 	 0.000000000013538 	 0.026463524071705 	 22.021 	  1887.8049 	 10335917312.6614990234 	 0.000000000309000
100 	 80 	 0.000000002975000 	 0.000000000641365 	 1.671607218530159 	 16.915 	  4197.5309 	 336134453.7815126181 	 0.000000000398000
2 	 20 	 0.000000037650000 	 0.000000011557789 	 0.602467921235200 	 2.366 	 76836.7347 	 26560424.9667994678 	 0.000000000335000
5 	 20 	 0.000000034050000 	 0.000000008542714 	 1.113255941412872 	 13.484 	 40058.8235 	 29368575.6240822338 	 0.000000000424000
8 	 20 	 0.000000033900000 	 0.000000008569162 	 1.786724086775330 	 12.622 	 339000.0000 	 29498525.0737463124 	 0.000000000453000
10 	 20 	 0.000000028650000 	 0.000000008040201 	 2.095540595600689 	 14.704 	 409285.7143 	 34904013.9616055861 	 0.000000000450000
15 	 20 	 0.000000027500000 	 0.000000006612007 	 2.584959616283760 	 15.762 	 21568.6275 	 36363636.3636363596 	 0.000000000472000
25 	 20 	 0.000000018450000 	 0.000000004522613 	 2.946853962563483 	 19.102 	  8661.9718 	 54200542.0054200590 	 0.000000000459000
50 	 20 	 0.000000008500000 	 0.000000000904523 	 1.178741585025392 	 32.893 	   745.6140 	 117647058.8235294223 	 0.000000000425000
75 	 20 	 0.000000003605000 	 0.000000000716742 	 1.401048112025790 	 25.227 	   686.6667 	 277392510.4022191167 	 0.000000000438000
100 	 20 	 0.000000000075000 	 0.000000000012113 	 0.031570973446879 	 25.701 	    22.9709 	 13333333333.3333320618 	 0.000000000339000
2 	 5 	 0.000000059400000 	 0.000000018196244 	 0.948507848535052 	 4.114 	 60612.2449 	 16835016.8350168355 	 0.000000000348000
5 	 5 	 0.000000052000000 	 0.000000012060302 	 1.571655446700526 	 17.833 	  8813.5593 	 19230769.2307692319 	 0.000000000392000
8 	 5 	 0.000000050800000 	 0.000000012060302 	 2.514648714720842 	 16.738 	  7720.3647 	 19685039.3700787388 	 0.000000000399000
10 	 5 	 0.000000000000000 	 0.000000000000000 	 0.000000000000000 	 0.000 	     0.0000 	 0.0000000000 	 0.000000000000000
15 	 5 	 0.000000026600000 	 0.000000005934938 	 2.320259751576295 	 20.952 	 35945.9459 	 37593984.9624060094 	 0.000000000413000
25 	 5 	 0.000000021200000 	 0.000000004623116 	 3.012339606176009 	 25.050 	  1181.7168 	 47169811.3207547218 	 0.000000000437000
50 	 5 	 0.000000001906000 	 0.000000000394605 	 0.514234632999377 	 21.249 	   392.1811 	 524658971.6684155464 	 0.000000000347000
75 	 5 	 0.000000000000000 	 0.000000000000000 	 0.000000000000000 	 0.000 	     0.0000 	 0.0000000000 	 0.000000000000000
100 	 5 	 0.000000000114200 	 0.000000000017715 	 0.046170825359649 	 38.365 	    10.2330 	 8756567425.5691757202 	 0.000000000277000
2 	 80 	 0.000000026750000 	 0.000000007537688 	 0.392913861675129 	 4.103 	 54452.9262 	 37383177.5700934604 	 0.000000000371000
5 	 80 	 0.000000031000000 	 0.000000007537688 	 0.982284654187829 	 8.893 	 93939.3939 	 32258064.5161290318 	 0.000000000368000
8 	 80 	 0.000000026500000 	 0.000000007537688 	 1.571655446700518 	 10.601 	 181196.5812 	 37735849.0566037744 	 0.000000000412000
10 	 80 	 0.000000034875000 	 0.000000008793970 	 2.291997526438265 	 11.107 	 109842.5197 	 28673835.1254480295 	 0.000000000403000
15 	 80 	 0.000000027125000 	 0.000000006479767 	 2.533260423958067 	 10.834 	 70915.0327 	 36866359.4470046088 	 0.000000000392000
25 	 80 	 0.000000017375000 	 0.000000004195319 	 2.733594794220050 	 14.563 	 34152.3342 	 57553956.8345323801 	 0.000000000400000
50 	 80 	 0.000000006062500 	 0.000000001388522 	 1.809471731398630 	 13.861 	 13976.9452 	 164948453.6082473993 	 0.000000000382000
75 	 80 	 0.000000003750000 	 0.000000000839725 	 1.641449356340171 	 15.688 	  6535.9477 	 266666666.6666666865 	 0.000000000439000
100 	 80 	 0.000000003275000 	 0.000000000733933 	 1.912870116049961 	 18.927 	  3559.7826 	 305343511.4503816962 	 0.000000000392000
2 	 20 	 0.000000035550000 	 0.000000009918011 	 0.516991923256746 	 2.068 	 63482.1429 	 28129395.2180028148 	 0.000000000377000
5 	 20 	 0.000000109000000 	 0.000000013065327 	 1.702626733925563 	 23.264 	 16148.1481 	 9174311.9266055040 	 0.000000000435000
8 	 20 	 0.000000013350000 	 0.000000003517588 	 0.733439208460247 	 17.593 	  9569.8925 	 74906367.0411984921 	 0.000000000397000
10 	 20 	 0.000000039050000 	 0.000000008397249 	 2.188599141786896 	 17.728 	 18290.3981 	 25608194.6222791299 	 0.000000000397000
15 	 20 	 0.000000024100000 	 0.000000006532663 	 2.553940100888361 	 16.102 	 10000.0000 	 41493775.9336099625 	 0.000000000402000
25 	 20 	 0.000000021350000 	 0.000000005025126 	 3.274282180626089 	 21.024 	  4913.6939 	 46838407.4941451997 	 0.000000000431000
50 	 20 	 0.000000006150000 	 0.000000001385877 	 1.806025118576909 	 23.651 	  1782.6087 	 162601626.0162601471 	 0.000000000365000
75 	 20 	 0.000000004875000 	 0.000000000981222 	 1.918040035282529 	 23.860 	   633.1169 	 205128205.1282051206 	 0.000000000432000
100 	 20 	 0.000000001000000 	 0.000000000195451 	 0.509409375048982 	 19.764 	   749.0637 	 1000000000.0000000000 	 0.000000000419000
2 	 5 	 0.000000210000000 	 0.000000024120603 	 1.257324357360425 	 20.494 	  5737.7049 	 4761904.7619047621 	 0.000000000439000
5 	 5 	 0.000000163800000 	 0.000000012060302 	 1.571655446700520 	 33.721 	  5687.5000 	 6105006.1050061043 	 0.000000000461000
8 	 5 	 0.000000049400000 	 0.000000010261835 	 2.139657239718608 	 21.557 	  5103.3058 	 20242914.9797570854 	 0.000000000586000
10 	 5 	 0.000000044000000 	 0.000000010156043 	 2.646998647074560 	 20.296 	  6489.6755 	 22727272.7272727266 	 0.000000000457000
15 	 5 	 0.000000031800000 	 0.000000006432161 	 2.514648714720836 	 26.042 	  2041.0783 	 31446540.8805031404 	 0.000000000514000
25 	 5 	 0.000000019040000 	 0.000000004221106 	 2.750397031725922 	 27.633 	  1555.5556 	 52521008.4033613354 	 0.000000000508000
50 	 5 	 0.000000006060000 	 0.000000000959535 	 1.250431131716984 	 33.076 	   335.1770 	 165016501.6501650214 	 0.000000000522000
75 	 5 	 0.000000000268000 	 0.000000000048611 	 0.095023115494590 	 29.425 	     9.6403 	 3731343283.5820894241 	 0.000000000337000
100 	 5 	 0.000000002580000 	 0.000000000522613 	 1.362101387140456 	 32.565 	   451.0490 	 387596899.2248061895 	 0.000000000702000
2 	 80 	 0.000000025875000 	 0.000000006281407 	 0.327428218062608 	 10.884 	 23232.3232 	 38647342.9951690808 	 0.000000000345000
5 	 80 	 0.000000005337500 	 0.000000001200079 	 0.156390056785166 	 14.130 	 21675.1269 	 187353629.9765807986 	 0.000000000384000
8 	 80 	 0.000000019500000 	 0.000000005025126 	 1.047770297800348 	 15.513 	 25000.0000 	 51282051.2820512801 	 0.000000000404000
10 	 80 	 0.000000015125000 	 0.000000004020101 	 1.047770297800350 	 14.523 	 30632.9114 	 66115702.4793388397 	 0.000000000321000
15 	 80 	 0.000000017750000 	 0.000000003788680 	 1.481181860130589 	 16.747 	 22683.7061 	 56338028.1690140888 	 0.000000000376000
25 	 80 	 0.000000000000000 	 0.000000000000000 	 0.000000000000000 	 0.000 	     0.0000 	 0.0000000000 	 0.000000000000000
50 	 80 	 0.000000004912500 	 0.000000001130653 	 1.473426981281741 	 18.187 	 14239.1304 	 203562340.9669211209 	 0.000000000416000
75 	 80 	 0.000000006075000 	 0.000000001381910 	 2.701282799016521 	 18.727 	 13462.6039 	 164609053.4979423881 	 0.000000000453000
100 	 80 	 0.000000004462500 	 0.000000001130653 	 2.946853962563483 	 19.672 	  5552.0995 	 224089635.8543417454 	 0.000000000414000
2 	 20 	 0.000000252000000 	 0.000000017085427 	 0.890604753130297 	 32.501 	 22105.2632 	 3968253.9682539683 	 0.000000000468000
5 	 20 	 0.000000024400000 	 0.000000006188839 	 0.806507400280527 	 13.191 	 11482.3529 	 40983606.5573770478 	 0.000000000360000
8 	 20 	 0.000000036800000 	 0.000000008622058 	 1.797753247804806 	 16.139 	 12390.5724 	 27173913.0434782617 	 0.000000000388000
10 	 20 	 0.000000036050000 	 0.000000007696377 	 2.005928662236179 	 17.804 	 12604.8951 	 27739251.0402219146 	 0.000000000390000
15 	 20 	 0.000000024000000 	 0.000000005289606 	 2.067967693026990 	 19.461 	  7476.6355 	 41666666.6666666716 	 0.000000000419000
25 	 20 	 0.000000020100000 	 0.000000004522613 	 2.946853962563496 	 21.412 	  4685.3147 	 49751243.7810945213 	 0.000000000377000
50 	 20 	 0.000000023950000 	 0.000000002512563 	 3.274282180626089 	 35.469 	  2589.1892 	 41753653.4446764067 	 0.000000000471000
75 	 20 	 0.000000005500000 	 0.000000001155779 	 2.259254704631997 	 23.927 	   839.6947 	 181818181.8181818128 	 0.000000000423000
100 	 20 	 0.000000004205000 	 0.000000000830468 	 2.164472852034924 	 26.193 	   852.0770 	 237812128.4185493290 	 0.000000000449000
2 	 5 	 0.000069480000000 	 0.000000039143084 	 2.040394790453279 	 38.052 	     1.0158 	 14392.6309729419 	 0.000000000482000
5 	 5 	 0.000000061200000 	 0.000000014387728 	 1.874957375011147 	 20.414 	 21103.4483 	 16339869.2810457498 	 0.000000000436000
8 	 5 	 0.000000052400000 	 0.000000012060302 	 2.514648714720842 	 24.156 	  4493.9966 	 19083969.4656488560 	 0.000000000506000
10 	 5 	 0.000000112600000 	 0.000000012060302 	 3.143310893401052 	 36.783 	  1685.6287 	 8880994.6714031957 	 0.000000000504000
15 	 5 	 0.000000030600000 	 0.000000002412060 	 0.942993268020315 	 48.892 	   822.5806 	 32679738.5620914996 	 0.000000000469000
25 	 5 	 0.000000018900000 	 0.000000003438244 	 2.240298334112585 	 31.739 	   875.0000 	 52910052.9100529104 	 0.000000000474000
50 	 5 	 0.000000002400000 	 0.000000000441153 	 0.574895018661503 	 29.507 	   427.0463 	 416666666.6666666269 	 0.000000000455000
75 	 5 	 0.000000005880000 	 0.000000001068500 	 2.088647369957263 	 34.344 	   579.8817 	 170068027.2108843625 	 0.000000000444000
100 	 5 	 0.000000002340000 	 0.000000000381910 	 0.995381782910334 	 35.692 	   267.1233 	 427350427.3504273891 	 0.000000000478000
2 	 80 	 0.000000036250000 	 0.000000006612007 	 0.344661282171167 	 8.485 	 60291.0603 	 27586206.8965517208 	 0.000000000397000
5 	 80 	 0.000000049375000 	 0.000000006281407 	 0.818570545156523 	 22.933 	 20050.7614 	 20253164.5569620244 	 0.000000000414000
8 	 80 	 0.000000019625000 	 0.000000003993652 	 0.832701657725536 	 14.164 	 22175.1412 	 50955414.0127388537 	 0.000000000371000
10 	 80 	 0.000000016250000 	 0.000000003808516 	 0.992624492652959 	 15.162 	 19287.8338 	 61538461.5384615362 	 0.000000000404000
15 	 80 	 0.000000015750000 	 0.000000003894472 	 1.522541213991135 	 15.194 	 22066.5499 	 63492063.4920634925 	 0.000000000394000
25 	 80 	 0.000000011462500 	 0.000000002512563 	 1.637141090313044 	 18.030 	 13465.4919 	 87241003.2715376318 	 0.000000000356000
50 	 80 	 0.000000008675000 	 0.000000002010050 	 2.619425744500876 	 17.054 	  8729.5597 	 115273775.2161383331 	 0.000000000405000
75 	 80 	 0.000000005012500 	 0.000000001130653 	 2.210140471922612 	 19.499 	  5154.2416 	 199501246.8827930093 	 0.000000000421000
100 	 80 	 0.000000004037500 	 0.000000001005025 	 2.619425744500877 	 19.429 	  3076.1905 	 247678018.5758513808 	 0.000000000428000
2 	 20 	 0.000000034000000 	 0.000000011002380 	 0.573516373532818 	 2.770 	 50370.3704 	 29411764.7058823556 	 0.000000000368000
5 	 20 	 0.000000029250000 	 0.000000007537688 	 0.982284654187829 	 14.127 	 17835.3659 	 34188034.1880341843 	 0.000000000417000
8 	 20 	 0.000000018900000 	 0.000000005527638 	 1.152547327580387 	 12.422 	 99473.6842 	 52910052.9100529104 	 0.000000000398000
10 	 20 	 0.000000029050000 	 0.000000007537688 	 1.964569308375658 	 17.264 	 17189.3491 	 34423407.9173838198 	 0.000000000389000
15 	 20 	 0.000000026700000 	 0.000000005845015 	 2.285104300794820 	 18.924 	  9604.3165 	 37453183.5205992460 	 0.000000000404000
25 	 20 	 0.000000011300000 	 0.000000002512563 	 1.637141090313051 	 24.599 	  2618.7717 	 88495575.2212389410 	 0.000000000431000
50 	 20 	 0.000000004755000 	 0.000000000994446 	 1.295926420963578 	 22.756 	  1300.9576 	 210304942.1661409140 	 0.000000000432000
75 	 20 	 0.000000004740000 	 0.000000000970643 	 1.897360358352266 	 25.859 	  1250.6596 	 210970464.1350210905 	 0.000000000445000
100 	 20 	 0.000000003950000 	 0.000000000811955 	 2.116220272530962 	 25.807 	   790.7908 	 253164556.9620253146 	 0.000000000439000
2 	 5 	 0.000000280000000 	 0.000000014070352 	 0.733439208460244 	 43.541 	  5511.8110 	 3571428.5714285718 	 0.000000000487000
5 	 5 	 0.000000071600000 	 0.000000018090452 	 2.357483170050786 	 15.774 	 397777.7778 	 13966480.4469273761 	 0.000000000475000
8 	 5 	 0.000000129600000 	 0.000000012060302 	 2.514648714720833 	 37.273 	  4180.6452 	 7716049.3827160494 	 0.000000000463000
10 	 5 	 0.000000023600000 	 0.000000005628141 	 1.466878416920488 	 26.589 	  1710.1449 	 42372881.3559322059 	 0.000000000425000
15 	 5 	 0.000000032800000 	 0.000000006432161 	 2.514648714720836 	 26.679 	  2075.9494 	 30487804.8780487813 	 0.000000000541000
25 	 5 	 0.000000022400000 	 0.000000004623116 	 3.012339606176009 	 29.324 	  1108.9109 	 44642857.1428571492 	 0.000000000470000
50 	 5 	 0.000000008400000 	 0.000000001608040 	 2.095540595600696 	 30.685 	   677.4194 	 119047619.0476190448 	 0.000000000521000
75 	 5 	 0.000000002920000 	 0.000000000562814 	 1.100158812690369 	 35.271 	   171.9670 	 342465753.4246575236 	 0.000000000466000
100 	 5 	 0.000000001106000 	 0.000000000206295 	 0.537671600187020 	 31.911 	   111.9433 	 904159132.0072333813 	 0.000000000447000
2 	 80 	 0.000000028375000 	 0.000000009058450 	 0.472185956574498 	 1.350 	 53791.4692 	 35242290.7488986775 	 0.000000000366000
5 	 80 	 0.000000025125000 	 0.000000006281407 	 0.818570545156526 	 9.831 	 42857.1429 	 39800995.0248756260 	 0.000000000383000
8 	 80 	 0.000000011287500 	 0.000000002803491 	 0.584545534562297 	 11.606 	 14242.9022 	 88593576.9656699896 	 0.000000000392000
10 	 80 	 0.000000006887500 	 0.000000001507538 	 0.392913861675132 	 20.739 	 11199.1870 	 145190562.6134301424 	 0.000000000375000
15 	 80 	 0.000000020750000 	 0.000000004281275 	 1.673761351543719 	 16.043 	 14821.4286 	 48192771.0843373463 	 0.000000000390000
25 	 80 	 0.000000010125000 	 0.000000002261307 	 1.473426981281741 	 17.458 	  6480.0000 	 98765432.0987654328 	 0.000000000372000
50 	 80 	 0.000000008112500 	 0.000000002010050 	 2.619425744500876 	 17.183 	  5319.6721 	 123266563.9445300549 	 0.000000000419000
75 	 80 	 0.000000004175000 	 0.000000000919069 	 1.796546933317194 	 17.316 	  3274.5098 	 239520958.0838323236 	 0.000000000377000
100 	 80 	 0.000000002037500 	 0.000000000502513 	 1.309712872250438 	 20.305 	  1630.0000 	 490797546.0122699738 	 0.000000000388000
2 	 20 	 0.000000007900000 	 0.000000001830204 	 0.095402242904978 	 4.017 	 20256.4103 	 126582278.4810126573 	 0.000000000357000
5 	 20 	 0.000000042750000 	 0.000000010288284 	 1.340732387645829 	 11.344 	 267187.5000 	 23391812.8654970787 	 0.000000000566000
8 	 20 	 0.000000037400000 	 0.000000010050251 	 2.095540595600705 	 13.004 	 680000.0000 	 26737967.9144385047 	 0.000000000561000
10 	 20 	 0.000000000453500 	 0.000000000034356 	 0.008954300110807 	 43.995 	    81.7117 	 2205071664.8291068077 	 0.000000000368000
15 	 20 	 0.000000017050000 	 0.000000004218461 	 1.649204235189024 	 17.665 	  5799.3197 	 58651026.3929618821 	 0.000000000523000
25 	 20 	 0.000000012350000 	 0.000000002882835 	 1.878403987832845 	 18.365 	 10081.6327 	 80971659.9190283418 	 0.000000000602000
50 	 20 	 0.000000009550000 	 0.000000001608040 	 2.095540595600697 	 28.337 	  1552.8455 	 104712041.8848167509 	 0.000000000484000
75 	 20 	 0.000000002135000 	 0.000000000446972 	 0.873716350303901 	 19.220 	  1519.5730 	 468384074.9414520264 	 0.000000000709000
100 	 20 	 0.000000000322500 	 0.000000000046284 	 0.120631448759907 	 33.501 	    72.6351 	 3100775193.7984495163 	 0.000000000513000
2 	 5 	 0.000000137800000 	 0.000000016820947 	 0.876818301843441 	 -10.482 	     2.1598 	 7256894.0493468801 	 0.000000000640000
5 	 5 	 0.000000060600000 	 0.000000014281936 	 1.861170923724305 	 15.956 	 3030000.0000 	 16501650.1650165021 	 0.000000000491000
8 	 5 	 0.000000059400000 	 0.000000012060302 	 2.514648714720833 	 19.798 	  6875.0000 	 16835016.8350168355 	 0.000000000438000
10 	 5 	 0.000000003480000 	 0.000000000321608 	 0.083821623824028 	 39.466 	   178.6448 	 287356321.8390804529 	 0.000000000430000
15 	 5 	 0.000000018220000 	 0.000000003819095 	 1.493072674365498 	 28.054 	   813.3929 	 54884742.0417124033 	 0.000000000468000
25 	 5 	 0.000000017500000 	 0.000000003618090 	 2.357483170050790 	 30.259 	   591.2162 	 57142857.1428571492 	 0.000000000481000
50 	 5 	 0.000000007520000 	 0.000000001809045 	 2.357483170050783 	 31.334 	   372.2772 	 132978723.4042553306 	 0.000000000476000
75 	 5 	 0.000000000000000 	 0.000000000000000 	 0.000000000000000 	 0.000 	     0.0000 	 0.0000000000 	 0.000000000000000
100 	 5 	 0.000000003860000 	 0.000000000690823 	 1.800510538062162 	 28.976 	   469.5864 	 259067357.5129533410 	 0.000000000430000
2 	 80 	 0.000000041875000 	 0.000000012562814 	 0.654856436125221 	 1.943 	 84170.8543 	 23880597.0149253719 	 0.000000000351000
5 	 80 	 0.000000033000000 	 0.000000008793970 	 1.145998763219132 	 12.713 	 95652.1739 	 30303030.3030303046 	 0.000000000401000
8 	 80 	 0.000000032625000 	 0.000000008793970 	 1.833598021150612 	 11.126 	 151744.1860 	 30651340.9961685836 	 0.000000000395000
10 	 80 	 0.000000025375000 	 0.000000006281407 	 1.637141090313041 	 9.465 	 107978.7234 	 39408866.9950738922 	 0.000000000376000
15 	 80 	 0.000000015250000 	 0.000000003768844 	 1.473426981281744 	 11.249 	 24206.3492 	 65573770.4918032810 	 0.000000000328000
25 	 80 	 0.000000013125000 	 0.000000003266332 	 2.128283417406953 	 13.924 	 22727.2727 	 76190476.1904761940 	 0.000000000394000
50 	 80 	 0.000000004337500 	 0.000000001018249 	 1.326945936358994 	 15.584 	  8762.6263 	 230547550.4322766662 	 0.000000000402000
75 	 80 	 0.000000002925000 	 0.000000000667813 	 1.305404606223288 	 17.544 	  4301.4706 	 341880341.8803418279 	 0.000000000380000
100 	 80 	 0.000000001962500 	 0.000000000434409 	 1.132212311932274 	 17.840 	  2793.5943 	 509554140.1273885369 	 0.000000000410000
2 	 20 	 0.000000056500000 	 0.000000020100503 	 1.047770297800353 	 4.753 	 71518.9873 	 17699115.0442477874 	 0.000000000285000
5 	 20 	 0.000000018250000 	 0.000000004522613 	 0.589370792512697 	 14.749 	  8111.1111 	 54794520.5479452014 	 0.000000000352000
8 	 20 	 0.000000084500000 	 0.000000004522613 	 0.942993268020314 	 40.719 	  6236.1624 	 11834319.5266272202 	 0.000000000472000
10 	 20 	 0.000000018500000 	 0.000000004178789 	 1.089129651660879 	 17.996 	 10335.1955 	 54054054.0540540516 	 0.000000000402000
15 	 20 	 0.000000019700000 	 0.000000005051574 	 1.974909146840786 	 15.412 	 10563.0027 	 50761421.3197969571 	 0.000000000393000
25 	 20 	 0.000000008850000 	 0.000000002122454 	 1.382953394711799 	 16.470 	  5014.1643 	 112994350.2824858725 	 0.000000000386000
50 	 20 	 0.000000006850000 	 0.000000001666226 	 2.171366077678355 	 20.358 	  3044.4444 	 145985401.4598540068 	 0.000000000349000
75 	 20 	 0.000000002320000 	 0.000000000539540 	 1.054663523443763 	 19.375 	  1833.9921 	 431034482.7586206794 	 0.000000000396000
100 	 20 	 0.000000001525000 	 0.000000000325311 	 0.847866754141066 	 24.367 	   599.2141 	 655737704.9180327654 	 0.000000000423000
2 	 5 	 0.000000027600000 	 0.000000007088072 	 0.369476894487488 	 1.857 	 31363.6364 	 36231884.0579710156 	 0.000000000293000
5 	 5 	 0.000000042200000 	 0.000000012060302 	 1.571655446700526 	 16.550 	 527500.0000 	 23696682.4644549750 	 0.000000000397000
8 	 5 	 0.000000047800000 	 0.000000010579212 	 2.205832205895463 	 18.886 	  7966.6667 	 20920502.0920502096 	 0.000000000447000
10 	 5 	 0.000000011680000 	 0.000000002211055 	 0.576273663790191 	 30.570 	   886.1912 	 85616438.3561643809 	 0.000000000463000
15 	 5 	 0.000000028600000 	 0.000000005511769 	 2.154822336134131 	 26.811 	  1545.9459 	 34965034.9650349617 	 0.000000000445000
25 	 5 	 0.000000021800000 	 0.000000004422111 	 2.881368318950955 	 28.418 	  1669.2190 	 45871559.6330275238 	 0.000000000542000
50 	 5 	 0.000000002300000 	 0.000000000576567 	 0.751361595133138 	 20.078 	   529.9539 	 434782608.6956521869 	 0.000000000609000
75 	 5 	 0.000000005520000 	 0.000000000984925 	 1.925277922208141 	 33.486 	   460.7679 	 181159420.2898550630 	 0.000000000440000
100 	 5 	 0.000000002220000 	 0.000000000341709 	 0.890604753130295 	 35.513 	   158.1197 	 450450450.4504504800 	 0.000000000452000
